,seq,count,seq_align,dist
0,TTGTTGGATAGTCTTGGATTTTGATTTGTATTGCCTGATGTGGCGTGACCACGTCATATCAGGCGGTCTGATAAGGCGATGACGCCGCATCCGACAAACGCACACTATGCTTGATGTGTGGCAGCAAAAGCCCTAAATCCCGCCTGTTTTGCCCCTTACTCAAACCATTGAACGCTTTGCGCTCTGGCATCATTCACGCTTAATACTCTTTCCAGGATTGGCGACGTGTCTGACGAGAGCGACGACAAAACAGAAGCCCCCACACCTCACCGACTA,1166,TTGTTGGATAGTCTTGGATTTTGATTTGTATTGCCTGA-----TGTGGCGTGACCACGTCATATCAGGC------GGTCTGATAAGGCGATGACGCCGCATCCGACAAACGC-ACACTATGCTTGATGTGTGGCAGCAAAAGCCCTAAATCCCGCCTGTTTTGCCCCTTACTCAAACCATTGAACGCTTTGCGCTCTGGCATCATTCACGCTTAATACTCTTTCC-AGGATTGGCGACGTGTCTGACGAGAGCGACGACAAAACAGAAGCCCCCACACCTCACCGACTA,0
1,TTGTTGGATAGTCTTGGATTTTGATTTGTATTGCCTGATGTGGCGTGACCACGTCATATCAGGCGGTCTGATAAGGCGATGACGCCGCATCCGACAAACGCACACTATGCTTGATGTGTGGCAGCAAAAGCCCTAAATCCCGCCTGTTTTGCCCCTTACTCAAACCATTGAACGCTTTGCGCTCTGGCATCATTTACGCTTAATACTCTTTCCAGGATTGGCGACGTGTCTGACGAGAGCGACGACAAAACAGAAGCCCCCACACCTCACCGACTA,243,TTGTTGGATAGTCTTGGATTTTGATTTGTATTGCCTGA-----TGTGACGTGGCCGCGTCACATCAGATCTTCAAGGTTGGATAAGGCGTTTACGCCGTACCCGACAAACATGTCACCATGCCTGATGTGCTGTGGCAAAAGCCCTAAATCCCGCCTGTTTTGCCCCTTACTCAAACCATTGAACACTTTGCGCTCTGGCATCATTTACGCTTAATACTCTTTCC-AGGATTGGCGACGTGTCTGACGAGAGCGACGACAAAACAGAAGCCCCCACACCTCACCGACTA,30
2,TTGTTGGATAGTCTTGGATTTTGATTTGTATTGCCTGATGTGACGTGGCCGCGTCACATCAGATCTTCAAGGTTGGATAAGGCGTTTACGCCGTACCCGACAAACATGTCACCATGCCTGATGTGCTGTGGCAAAAGCCCTAAATCCCGCCTGTTTTGCCCCTTACTCAAACCATTGAACGCTTTGCGCTCTGGCATCATTTACGCTTAATACTCTTTCCAGGATTGGCGACGTGTCTGACGAGAGCGACGACAAAACAGAAGCCCCCACACCTCACCGACTA,135,TTGTTGGATAGTCTTGGATTTTGATTTGTATTGCCTGA-----TGTGGCGTGACCACGTCATATCAGGC------GGTCTGATAAGGCGATGACGCCGCATCCGACAAACGC-ACACTATGCTTGATGTGTGGCAGCAAAAGCCCTAAATCCCGCCTGTTTTGCCCCTTACTCAAACCATTGAACGCTTTGCGCTCTGGCATCATTTACGCTTAATACTCTTTCC-AGGATTGGCGACGTGTCTGACGAGAGCGACGACAAAACAGAAGCCCCCACTCCTCACCGACTA,2
3,TTGTTGGATAGTCTTGGATTTTGATTTGTATTGCCTGATGTGACGTGACCACGTCATATCAGGCGATGACGCCGCATCCGACAAACGCATACTATGCTTGATGTGTGGCAGTAAAAGCCCTAAATCCCGCCTGTTTTGCCCCTTACTCAAACCATTGAACGCTTTGCGCTCTGGCATCATTTACGCTTAATACTCTTTCCAGGATTGGCGACGTGTCTGACGAGAGCGACGACAAAACAGAGGCCCCCACACCTCACCGACTA,133,TTGTTGGATAGTCTTGGATTTTGATTTGTATTGCCTGA-----TGTGGCGTGACCACGTCATATCAG-------------------GCGATGACGCCGCATCCGACAAACGC-ATACTATGCTTGATGTGTGGCAGCAAAAGCCCTAAATCCCGCCTGTTTTGCCCCTTACTCAAACCATTGAACGCTTTGCGCTCTGGCATCATTTACGCTTAATACTCTTTCC-AGGATTGGCGACGTGTCTGACGAGAGCGACGACAAAACAGAAGCCCCCACACCTCACCGACTA,15
4,TTGTTGGATAGTCTTGGATTTTGATTTGTATTGCCTGATGTGGCGTGACTACGTCATATCAGGCGGTCGGATAACGCGATGACGCCGCATCCGACAAACGCATACTATGCTTGATGTGTGGCAGCAAAAGCCCTAAATCCCGCCTGTTTTGCCCCTTACTCAAACCATTGAACGCTTTGCGCTCTGGCATCATTTACGCTTAATACTCTTTCCAGGATTGGCGACGTGTCTGACGAGAGCGACGACAAAACAGAAGCCCCCACACCTCACCGACTA,82,TTGTTGGATAGTCTTGGATTTTGATTTGTATTGCCTGA-----TGTGGCGTGACTACGTCATATCAGGC------GGTCGTATAACGCGATGACGCCGCATCCGACAAACGC-ATACTATGCTTGATGTGTGGCAGTAAAAGCCCTAAATCCCGCCTGTTTTGCCCCTTACTCAAACCATTGAACGCTTTGCGCTCTGGCATCATTTACGCTTAATACTCTTTCC-AGGATTGGCGATGTGTCTGACGAGAGCGACGACAAAACAGAAGCCCCCACACCTCACCGACTA,8
5,TTGTTGGATAGTCTTGGATTTTGATTTGTATTGCCTGATGTGGCGTGACTACGTCATATCAGGCGGTCGTATAACGCGATGACGCCGCATCCGACAAACGCATACTATGCTTGATGTGTGGCAGTAAAAGCCCTAAATCCCGCCTGTTTTGCCCCTTACTCAAACCATTGAACGCTTTGCGCTCTGGCATCATTTACGCTTAATACTCTTTCCAGGATTGGCGACGTGTCTGACGAGAGCGACGACAAAACAGAAGCCCCCACACCTCACCGACTA,74,TTGTTGGATAGTCTTGGATTTTGATTTGTATTGCCTGA-----TGTGGCGTGACCACGTCATATCAGGC------GGTCTGATAAGGCGATGACGCCGCATCCGACAAACGC-ACACTATGCTTGATGTGTGGCAGCAAAAGCCCTAAATCCCACCTGTTTTGCCCCTTACTCAAACCATTGAACGCTTTGCGCTCTGGCATCATTCACGCTTAATACTCTTTCC-AGGATTGGCGACGTGTCTGACGAGAGCGACGACAAAACAGAAGCCCCCACACCTCACCGACTA,1
8,GCATAAACGCCCTAAATCCCGCCTGTTTTGCCCCTTACTCAAACCATTGAACGCTTTGCGATCTGGCATCATTTACGCTTAATACTCTTTCCAGGATTGGCGACGTGTCTGACGAGAGCGACGACAAAACAGAAGCCCCCACACCTCACCGACTA,41,TTGTTGGATAGTCTTGGATTTTGATTTGTATTGCCTGA-----TGTGGCGTGACCACGTCATATCAGGC------GGTCTGATAAGGCGATGACGCCGCATCCGACAAACGC-ACACTATGCTTGATGTGTGGCAGCAAAAGCCCTAAATCCCGCCTGTTTTGCCCCTTACTCAAACCATTGAACGCTTTGCGCTCTGGCATCATTTAAGCTTAATACTCTTTCC-AGGATTGGCGACGTGTCTGACGAGAGCGACGACAAAACAGAAGCCCCCACACCTCACCGACTA,2
9,TTGTTGGATAGTCTTGGATTTTGATTTGTATTGCCTGATGTGACGTGGCCGCGTCACATCAGATCTTCAAGGTTGGATAAGGCGTTTACGCCGTACCCGACAAACATGTCACCATGCCTGATGTGCTGTGGCAAAAGCCCTAAATCCCGCCTGTTTTGCCCCTTACTCAAACCATTGAACACTTTGCGCTCTGGCATCATTTACGCTTAATACTCTTTCCAGGATTGGCGACGTGTCTGACGAGAGCGACGACAAAACAGAAGCCCCCACACCTCACCGACTA,41,TTGTTGGATAGTCTTGGATTTTGATTTGTATTGCCTGA-----TGTGGCGTGACCACGTCATATCAGGC------GGTCTGATAAGGCGATGACGCCGCATCTGACAAACGC-ACACTATGCTTGATGTGTGGCAGCAAAAGCCCTAAATCCCGCCTGTTTTGCCCCTTACTCAAACCATTGAACGCTTTGCGCTCTGGCATCATTTACGCTTAATACTCTTTCC-AGGATTGGCGACGTGTCTGACGAGAGCGACGACAAAACAGAAGCCCCCACACCTCACCGACTA,2
10,TTGTTGGATAGTCTTGGATTTTGATTTGTATTGCCTGATGTGGCGTGACCACGTCATATCAGGCGGTCTGATAAGGCGATGACGCCGCATCCGACAAACGCACACTATGCTTGATGTGTGGCAGCAAAAGCCCTAAATCCCGCCTGTTTTGCCCCTTACTCAAACCATTGAACGCTTTGCGCTCTGGCATCATTTACGCTTAATACTCTTTCCAGGATTGGCGACGTGTCTGACGAGAGCGACGACAAAACAGAAGCCCCCACTCCTCACCGACTA,31,TTGTTGGATAGTCTTGGATTTTGATTTGTATTGCCTGA-----TGTGGCGTGACTACGTCATATCAGGC------GGTCGGATAACGCGATGACGCCGCATCCGACAAACGC-ATACTATGCTTGATGTGTGGCAGCAAAAGCCCTAAATCCCGCCTGTTTTGCCCCTTACTCAAACCATTGAACGCTTTGCGCACTGGCATCATTTACGCTTAATACTCTTTCC-AGGATTGGCGACGTGTCTGACGAGAGCGACGACAAAACAGAAGCCCCCACACCTCACCGACTA,6
11,TTGTTGGATAGTCTTGGATTTTGATTTGTATTGCCTGATGTGGCGTGACCACGTCATATCAGGCGATGACGCCGCATCCGACAAACGCATACTATGCTTGATGTGTGGCAGCAAAAGCCCTAAATCCCGCCTGTTTTGCCCCTTACTCAAACCATTGAACGCTTTGCGCTCTGGCATCATTTACGCTTAATACTCTTTCCAGGATTGGCGACGTGTCTGACGAGAGCGACGACAAAACAGAAGCCCCCACACCTCACCGACTA,26,TTGTTGGATAGTCTTGGATTTTGATTTGTATTGCCTGA-----TGTGGCGTGACCACGTCATATCAGGC------GGTCTGATAAGGCGATGACGCCGCATCCGACAAACGC-ACACTATGCTTGATGTGTGGCAGCAAAAGCCCTAAATCCCGCCTGTTTTGCCCCTTACTCAAACCATTGAACGCTTTGCGCTCTGGCATCATTTACGCTTAATACTCTTTCC-AGGATTGGCGACGTGTCTGACGAGAGCGACGACAAAACAGAAGCCCCCACACCTCACCGACTA,1
12,TTGTTGGATAGTCTTGGATTTTGATTTGTATTGCCTGATGTGGCGTGACTACGTCATATCAGGCGGTCGTATAACGCGATGACGCCGCATCCGACAAACGCATACTATGCTTGATGTGTGGCAGTAAAAGCCCTAAATCCCGCCTGTTTTGCCCCTTACTCAAACCATTGAACGCTTTGCGCTCTGGCATCATTTACGCTTAATACTCTTTCCAGGATTGGCGATGTGTCTGACGAGAGCGACGACAAAACAGAAGCCCCCACACCTCACCGACTA,25,TTGTTGGATAGTCTTGGATTTTGATTTGTATTGCCTGA-----TGTGACGTGGCCGCGTCACATCAGATCTTCAAGGTTGGATAAGGCGTTTACGCCGTACCCGACAAACATGTCACCATGCCTGATGTGCTGTGGCAAAAGCCCTAAATCCCGCCTGTTTTGCCCCTTAATCAAACCATTGAACGCTTTGCGCTCTGGCATCATTTACGCTTAATACTCTTTCC-AGGATTGGCGACGTGTCTGACGAGAGCGACGACAAAACAGAAGCCCCCACACCTCACCGACTA,30
13,TTGTTGGATAGTCTTGGATTTTGATTTGTATTGCCTGATGTGGCGTGACCACGTCATATCAGGCGGTCTGATAAGGCGATGACGCCGCATCCGACAAACGCACACTATGCTTGATGTGTGGCAGCAAAAGCCCTAAATCCCACCTGTTTTGCCCCTTACTCAAACCATTGAACGCTTTGCGCTCTGGCATCATTCACGCTTAATACTCTTTCCAGGATTGGCGACGTGTCTGACGAGAGCGACGACAAAACAGAAGCCCCCACACCTCACCGACTA,18,TTGTTGGATAGTCTCGGTTTTTAATTTGTATTGCCTGA-----TATGACGTGACC-CGTCGTATCAGGC------GGCCGGATGAGACGTTTACACCGCATCCGACAAACGCGGCACCACGCCTGATGTGCTGCGGTAAAAGCCCTAAATCCCGCCTGTTTTGCCCCTTACTCTAACCATTGAACGCTTTCCGCTCTGGCATTATTCACGCTTATCACTATTTCC-AGGATTGGCGACGTGTCTGACGAGAGCGACGACAAAACAGAAGCCCCCACACCTCACCGAC-T,31
14,GTGTGCTGCGGCAAAAGCCCTAAATCCCGCCAACTTTGCCCCTTACTCAAACCATTGAACTCTTGTTGCTCTGGCATTATTCACGCTTATTTTTATTTCCAGGATTGGCGACGTGTCTGACGAGAGCGACGACAAAACAGAAGACCCTACACCTCATCGACT,13,TTGTTGGATAGTCTCGGATTTTGATTTGTATTGCCTGA-----TGTGGCGTGACCACGTCATATCAG-------------------GCGATGACGCCGCATCCGACAAACGC-ATACTATGCTTGATGTGTGGCAGCAAAAGCCCTAAATCCCGCCTGTTTTGCCCCTTACTCAAACCATTGAACACTTTGCGCTCTGGCATCATTTACGCTTAATACTCTTTCC-AGGATTGGCGACGTGTCTGACGAGAGCGACGACAAAACAGAAGCCCCCACACCTCACCGACTA,17
15,GTGTGCTGCGGCAAAAGCCCTAAATCCCGCCAACTTTGCCCCTTACTCAAACCATTGAACTCTTGTTGCTCTGGCATTATTCACGCTTATTTTTATTTCCAGGATTGGCGACGTGTCTGACGAGAGCGACGATAAAACAGAAGACCCTACACCTCATCGACT,12,TTGTTGGATAGTCTTGGATTTTGATTTGTATTGCCTGA-----TGTGACGTGGCCGCGTCATATCAG-------------------GCGATGACGCCGCATCCGACAAACGC-ATACTATGCTTGATGTGTGGCAGTAAAAGCCCTAAATCCCGCCTGTTTTGCCCCTTACTCAAACCATTGAACGCTTTGCGCTCTGGCATCATTTACGCTCAATACTCTTTCC-AGGATTGGCGACGTGTCTGACGAGAGCGACGACAAAACAGAAGCCCCCACACCTCACCGACTA,20
16,TTGTTGGATAGTCTTGGATTTTGATTTGTATTGCCTGATGTGGCGTGACCACGTCATATCAGGCGGTCTGATAAGGCGATGACGCCGCATCCGACAAACGCACACTATGCTTGATGTGTGGCAGCAAAAGCCCTAAATCCCGCCTGTTTTGCCCCTTACTCAAACCATTGAACGCTTTGCGCTCTGGCATCATTTAAGCTTAATACTCTTTCCAGGATTGGCGACGTGTCTGACGAGAGCGACGACAAAACAGAAGCCCCCACACCTCACCGACTA,8,TTGTTGGATAGTCTTGGATTTTGATTTGTATTGCCTGA-----TGTGGCGTGACTACGTCATATCAGGC------GGTCGGATAACGCGATGACGCCGCATCCGACAAACGC-ATACTATGCTTGATATGTGGCAGCAAAAGCCCTAAATCCCGCCTGTTTTGCCCCTTACTCAAACCATTGAACGCTTTGCGCTCTGGCATCATTTACGCTTAATACTCTTTCC-AGGATTGGCGACGTGTCTGACGAGAGCGACGACAAAACAGAAGCCCCCACACCTCACCGACTA,6
17,TTGTTGGATAGTCTTGGATTTTGATTTGTATTGCCTGATGTGGCGTGACCACGTCATATCAGGCGGTCTGATAAGGCGATGACGCCGCATCTGACAAACGCACACTATGCTTGATGTGTGGCAGCAAAAGCCCTAAATCCCGCCTGTTTTGCCCCTTACTCAAACCATTGAACGCTTTGCGCTCTGGCATCATTTACGCTTAATACTCTTTCCAGGATTGGCGACGTGTCTGACGAGAGCGACGACAAAACAGAAGCCCCCACACCTCACCGACTA,8,TTGTTGGATAGTCTTGGATTTTGATTTGTATTGCCTGA-----TGTGGCGTGACTACGTCATATCAGGC------GGTCGAATAACGCGATGACGCCGCATCCGACAAACGC-ATACTATGCTTGATGTGTGGCAGCAAAAGCCCTAAATCCCGCCTGTTTTGCCCCTTACTCAAACCATTGAACGCTTTGCGCTCTGGCATCATTTACGCTTAATACTCTTTCC-AGGATTGGCGACGTGTCTGACGAGAGCGACGACAAAACAGAAGCCCCCACACCTCACCGACTA,6
19,TTGTTGGATAGTCTTGGATTTTGATTTGTATTGCCTGATGTGACGTGGCCGCGTCACATCAGATCTTCAAGGTTGGATAAGGCGTTTACGCCGTACCCGACAAACATGTCACCATGCCTGATGTGCTGTGGCAAAAGCCCTAAATCCCGCCTGTTTTGCCCCTTAATCAAACCATTGAACGCTTTGCGCTCTGGCATCATTTACGCTTAATACTCTTTCCAGGATTGGCGACGTGTCTGACGAGAGCGACGACAAAACAGAAGCCCCCACACCTCACCGACTA,7,TTGTTGGATAGTCTTGGATTTTGATTTGTATTGCCTGA-----TGTGACGTGGCCGCGTCACATCAGATCTTCAAGGTTGGATAAGGCGTTTACGCCGTACCCGACAAACATGTCACCATGCCTGATGTGCTGTGGCAAAAGCCCTAAATCCCGCCTGTTTTGCCCCTTACTCAAACCATTGAACACTTTGCGCTCTGGCATCATTTACGCTTAATACTCTTTCC-AGGATTGGCGACGTGTCTGACGAGATCGACGACAAAACAGAAGCCCCCACACCTCACCGACTA,31
20,TTGTTGGATAGTCTCGGTTTTTAATTTGTATTGCCTGATATGACGTGACCCGTCGTATCAGGCGGCCGGATGAGACGTTTACACCGCATCCGACAAACGCGGCACCACGCCTGATGTGCTGCGGTAAAAGCCCTAAATCCCGCCTGTTTTGCCCCTTACTCTAACCATTGAACGCTTTCCGCTCTGGCATTATTCACGCTTATCACTATTTCCAGGATTGGCGACGTGTCTGACGAGAGCGACGACAAAACAGAAGCCCCCACACCTCACCGACT,7,-TGTTGGATAGTCTTGGATTTTGATTTGTATTGCCTGA-----TGTGGCGTGACCACGTCATATCAGGC------GGTCTGATAAGGCGATGACGCCGCATCCGACAAACGC-ACACTATGCTTGATGTGTGGCAGCAAAAGCCCTAAATCCCGCCTGTTTTGCCCCTTACTCAAACCATTGAACGCTTTGCGCTCTGGCATCATTTACGCTTAATACTCTTTCC-AGGATTGGCGACGTGTCTGACGAGAGCGACGACAAAACAGAAGCCCCCACACCTCTCCGAC-T,5
21,TTGTTGGATAGTCTTGGATTTTGATTTGTATTGCCTGATGTGACGTGGCCGCGTCATATCAGGCGATGACGCCGCATCCGACAAACGCATACTATGCTTGATGTGTGGCAGTAAAAGCCCTAAATCCCGCCTGTTTTGCCCCTTACTCAAACCATTGAACGCTTTGCGCTCTGGCATCATTTACGCTCAATACTCTTTCCAGGATTGGCGACGTGTCTGACGAGAGCGACGACAAAACAGAAGCCCCCACACCTCACCGACTA,5,TTGTTGGATAGTCTTGGATTTTGATTTGTATTGCCTGA-----TGTGACGTGGCCGCGTCACATCAGATCTTCAAGGTTGGATAAGGCGTTTACGCCGTACCCGACAAACATGTCACCATGCCTGATGTGCTGTGGCAAAAGCCCTAAATCCCGCCTGTTTTGCCCCTTACTCAAACCATTGAACGCTTTGCGCTCTGGCATCATTTACGCTTAATACTCTTTCC-AGGATTGGCGACGTGTCTGACGAGAGCGACGACAAAACAGAAGCCCCCACACCTCACCGACTA,29
22,TTGTTGGATAGTCTCGGATTTTGATTTGTATTGCCTGATGTGGCGTGACCACGTCATATCAGGCGATGACGCCGCATCCGACAAACGCATACTATGCTTGATGTGTGGCAGCAAAAGCCCTAAATCCCGCCTGTTTTGCCCCTTACTCAAACCATTGAACACTTTGCGCTCTGGCATCATTTACGCTTAATACTCTTTCCAGGATTGGCGACGTGTCTGACGAGAGCGACGACAAAACAGAAGCCCCCACACCTCACCGACTA,5,TTGTTGGATAGTCTTGGATTTTGATTTGTATTGCCTGA-----TGTGGCGTGACCACGTCATATCAGGC------GGTCTGATAAGACGATGACGCCGCATCCGACAAACGC-ACACTATGCTTGATGTGTGGCAGCAAAAGCCCTAAATCCCGCCTGTTTTGCCCCTTACTCAAACCATTGAACGCTTTGCGCTCTGGCATCATTCACGCTTAATACTCTTTCC-AGGATTGGCGACGTGTCTGACGAGAGCGACGACAAAACAGAAGCCCCCACACCTCACCGACTA,1
25,GCATAAACGCCCTAAATCCCGCCTGTTTTGCCCCTTACTCAAACCATTGAACGCTTTGCGCTCTGGCATCATTTACGCTTAATACTCTTTCCAGGATTGGCGACGTGTCTGACGAGAGCGACGACAAAACAGAAGCCCCCACACCTCACCGACTA,4,TTGTTGGATAGTCTTGGATTTTGATTTGTATTGCCTGA-----TGTGGCGTGACCACGTCATATCAG-------------------GCGATGACGCCGCATCCGACAAACGC-ATACTATGCTTGATGTGTGGCAGTAAAAGCCCTAAATCCCGCCTGTTTTGCCCCTTACTCAAACCATTGAACGCTTTGCGCTCTGGCATCATTTACGCTTAATACTCTTTCC-AGGATTGGCGACGTGTCTGACGAGAGCGACGACAAAACAGAAGCCCCCACACCTCACCGACTA,16
26,TTGTTGGATAGTCTTGGATTTTGATTTGTATTGCCTGATGTGACGTGGCCGCGTCACATCAGATCTTCAAGGTTGGATAAGGCGTTTACGCCGTACCCGACAAACATGTCACCATGCCTGATGTGCTGTGGCAAAAGCCCTAAATCCCGCCTGTTTTGCCCCTTACTCAAACCATTGAACACTTTGCGCTCTGGCATCATTTACGCTTAATACTCTTTCCAGGATTGGCGACGTGTCTGACGAGATCGACGACAAAACAGAAGCCCCCACACCTCACCGACTA,4,TTGTTGGATAGTCTTGGATTTTGATTTGTATTGCCTGATATGATGTGGCGTGACCACGTCATATCAGGC------GGTCTGATAAGGCGATGACGCCGCATCCGACAAACGC-ACACTATGCTTGATGTGTGGCAGCAAAAGCCCTAAATCCCGCCTGTTTTGCCCCTTACTCAAACCATTGAACGCTTTGCGCTCTGGCATCATTTACGCTTAATACTCTTTCC-AGGATTGGCGACGTGTCTGACGAGAGCGACGACAAAACAGAAGCCCCCACACCTCACCGACTA,6
27,TGTTGGATAGTCTTGGATTTTGATTTGTATTGCCTGATGTGGCGTGACCACGTCATATCAGGCGGTCTGATAAGGCGATGACGCCGCATCCGACAAACGCACACTATGCTTGATGTGTGGCAGCAAAAGCCCTAAATCCCGCCTGTTTTGCCCCTTACTCAAACCATTGAACGCTTTGCGCTCTGGCATCATTTACGCTTAATACTCTTTCCAGGATTGGCGACGTGTCTGACGAGAGCGACGACAAAACAGAAGCCCCCACACCTCTCCGACT,4,TTGTTGGATAGTCTTGGATTTTGATTTGTATTGCCTGA-----TGTGGCGTGACTACGTCATATCAGGC------GGTCGGATAACGCGATGACGCCGCATCCGACAAACGC-ATACTATGCTTGATGTGTGGCAGTAAAAGCCCTAAATCCCGCCTGTTTTGCCCCTTACTCAAACCATTGAACGCTTTGCGCTCTGGCATCATTTACGCTTAATACTCTTTCC-AGGATTGGCGACGTGTCTGACGAGAGCGACGACAAAACAGAAGCCCCCACACCTCACCGACTA,6
28,TTGTTGGATAGTCTTGGATTTTGATTTGTATTGCCTGATGTGGCGTGACCACGTCATATCAGGCGGTCTGATAAGACGATGACGCCGCATCCGACAAACGCACACTATGCTTGATGTGTGGCAGCAAAAGCCCTAAATCCCGCCTGTTTTGCCCCTTACTCAAACCATTGAACGCTTTGCGCTCTGGCATCATTCACGCTTAATACTCTTTCCAGGATTGGCGACGTGTCTGACGAGAGCGACGACAAAACAGAAGCCCCCACACCTCACCGACTA,4,TTGTTGGATAGTCTTGGATTTTGATTTGTATTGCCTGA-----TGTGGCGTGACCACGTCATATCAGGC------GGTCTGATAAGGCGATGACGCCGCATCCGACAAACGC-ACACTATGCTTGATGTGTGGCAGCAAAAGCCCTAAATCCCGCCTGTTTTGCCCCTTACTCAAACCATTGAACGCTTTGCGCTCTGGCATCATTCACGCTTAATACTTTTTCC-AGGATTGGCGACGTGTCTGACGAGAGCGACGACAAAACAGAAGCCCCCACACCTCACCGACTA,1
29,TTGTTGGATAGTCTTGGATTTTGATTTGTATTGCCTGATGTGGCGTGACCACGTCATATCAGGCGATGACGCCGCATCCGACAAACGCATACTATGCTTGATGTGTGGCAGCAAAAGCCCTAAATCCCGCCTGTTTTGCCCCTTACTCAAACCATTGAACGCTTTGCGATCTGGCATCATTTACGCTTAATACTCTTTCCAGGATTGGCGACGTGTCTGACGAGAGCGACGACAAAACAGAAGCCCCCACACCTCACCGACTA,3,------------------TTTTGATTTGTATTGCCTGA-----TGTGGCGTGACCACGTCATATCAGGC------GGTCTGATAAGGCGATGACGCCGCATCCGACAAACGC-ACACTATGCTTGATGTGTGGCAGCAAAAGCCCTAAATCCCGCCTGTTTTGCCCCTTACTCAAACCATTGAACGCTTTGCGCTCTGGCATCATTCACGCTTAATACTCTTTCC-AGGATTGGCGACGTGTCTGACGAGAGCGACGACAAAACAGAAGCCCCCACACCTCACCGACTA,18
30,TTGTTGGATAGTCTTGGATTTTGATTTGTATTGCCTGATGTGGCGTGACCACGTCATATCAGGCGGTCTGATAAGGCGATGACGCTGCATCCGACAAACGCACACTATGCTTGATGTGTGGCAGCAAAAGCCCTAAATCCCGCCTGTTTTGCCCCTTACTCAAACCATTGAACGCTTTGCGCTCTGGCATCATTCACGCTTAATACTCTTTCCAGGATTGGCGACGTGTCTGACGAGAGCGACGACAAAACAGAAGCCCCCACACCTCACCGACTA,3,TTGTTGGATAGTCTTGGATTTTGATTTGTATTGCCTGA-----TGTGGCGTGACCACGTCATATCAGGC------GGTCTGATAAGGCGATGACGCCGCATCCGACAAACGC-ACACTATGCTTGATGTGTGGCAGCAAAAGCCCTAAATCCCGCCTGTTTTGCCCCTTACTCAAACCATTGAACGCTTTGCGCTCTGGCATCATTCACGCTTAATACTCTTTCC-AGGATTGGCGACGTGTCTGACGAGAGCGACGACAAAACAGAAGCTCCCACACCTCACCGACTA,1
32,TTGTTGGATAGTCTTGGATTTTGATTTGTATTGCCTGATGTGGCGTGACTACGTCATATCAGGCGGTCGGATAACGCGATGACGCCGCATCCGACAAACGCATACTATGCTTGATGTGTGGCAGTAAAAGCCCTAAATCCCGCCTGTTTTGCCCCTTACTCAAACCATTGAACGCTTTGCGCTCTGGCATCATTTACGCTTAATACTCTTTCCAGGATTGGCGACGTGTCTGACGAGAGCGACGACAAAACAGAAGCCCCCACACCTCACCGACTA,3,TTGTTGGATAGTCTTGGATTTTGATTTGTATTGCCTGA-----TGTGACGTGACCACGTCATATCAG-------------------GCGATGACGCCGCATCCGACAAACGC-ATACTATGCTTGATGTGTGGCAGTAAAAGCCCTAAATCCCGCCTGTTTTGCCCCTTACTCAAACCATTGAACGCTTTGCGCTCTGGCATCATTTACGCTTAATACTCTTTCC-AGGATTGGCGACGTGTCTGACGAGAGCGACGACAAAACAGAGGCCCCCACACCTCACCGACTA,18
33,TTGTTGGATAGTCTTGGATTTTGATTTGTATTGCCTGATATGATGTGGCGTGACCACGTCATATCAGGCGGTCTGATAAGGCGATGACGCCGCATCCGACAAACGCACACTATGCTTGATGTGTGGCAGCAAAAGCCCTAAATCCCGCCTGTTTTGCCCCTTACTCAAACCATTGAACGCTTTGCGCTCTGGCATCATTTACGCTTAATACTCTTTCCAGGATTGGCGACGTGTCTGACGAGAGCGACGACAAAACAGAAGCCCCCACACCTCACCGACTA,3,TTGTTGGATAGTTTTGGATTTTGATTTGTATTGCCTGA-----TGTGGCGTGACCACGTCATATCAGGC------GGTCTGATAAGGCGATGACGCCGCATCCGACAAACGC-ACACTATGCTTGATGTGTGGCAGCAAAAGCCCTAAATCCCGCCTGTTTTGCCCCTTACTCAAACCATTGAACGCTTTGCGCTCTGGCATCATTCACGCTTAATACTCTTTCC-AGGATTGGCGACGTGTCTGACGAGAGCGACGACAAAACAGAAGCCCCCACACCTCACCGACTA,1
35,GTGTGCTGCGGCAAAAGCCCTAAATCCCGCCAACTTTGCCCCTTACTCAAACCATTGAACTCTTGTTGCTCTGGCATTATTCACGCTTATTTTTATTTTCAGGATTGGCGACGTGTCTGACGAGAGCGACGACAAAACAGAAGACCCTACACCTCACCGACT,3,TTGTTGGATAGTCTTGGATTTTGATTTGTATTGCCTGA-----TGTGGCGTGACCACGTCATATCAG-------------------GCGATGACGCCGCATCCGACAAACGC-ATACTATGCTTGATGTGTGGCAGCAAAAGCCCTAAATCCCGCCTGTTTTGCCCCTTACTCAAACCATTGAACGCTTTGCGATCTGGCATCATTTACGCTTAATACTCTTTCC-AGGATTGGCGACGTGTCTGACGAGAGCGACGACAAAACAGAAGCCCCCACACCTCACCGACTA,16
36,TAAACCCACCTATTTCACCTCTTACTCTTGCCATTGACTACGCGCAGGTCTGGCATCATTGGCATATCTTTATTACCAGGATCTGCCGCGTGTCTGAAGAGAGCGACGACAAAACAGAAGCCCCCACACCTCACCGACT,3,TTGTTGGATAGTCTTGGATTTTGATTTGTATTGCCTGA-----TGTGGCGTGACCACGTCATATCAGGC------GGTCTGATAAGGCGATGACGCTGCATCCGACAAACGC-ACACTATGCTTGATGTGTGGCAGCAAAAGCCCTAAATCCCGCCTGTTTTGCCCCTTACTCAAACCATTGAACGCTTTGCGCTCTGGCATCATTCACGCTTAATACTCTTTCC-AGGATTGGCGACGTGTCTGACGAGAGCGACGACAAAACAGAAGCCCCCACACCTCACCGACTA,1
37,TTGTTGGATAGTCTTGGATTTTGATTTGTATTGCCTGATGTGGCGTGACCACGTCATATCAGGTGGTCTGATAAGGCGATGACGCCGCATCCGACAAACGCACACTATGCTTGATGTGTGGCAGCAAAAGCCCTAAATCCCGCCTGTTTTGCCCCTTACTCAAACCATTGAACGCTTTGCGCTCTGGCATCATTCACGCTTAATACTCTTTCCAGGATTGGCGACGTGTCTGACGAGAGCGACGACAAAACAGAAGCCCCCACACCTCACCGACTA,2,TTGTTGGATAGTCTTGGATTTTGATTTGTATTGCCTGA-----TGTGGCGTGACCACGTCATATCAGGC------GGTCTGATAAGGCGATGACGCCGCATCCGACAAACGC-ACACTATGCTTGATGTGTGGCAGCAAAAGCCCTAAATCCCGCCTGTTTTGCCCCTTACTCAAACCATTGAACGCTTTGCGCTCTGGCATCATTCACGCTTAATACTCTTTCC-AGGATTGGCGACGTGTCTGACGAGAGCGACGACAAAACAGAAGCCCCTACACCTCACCGACTA,1
40,TTGTTGGATAGTCTTGGATTTTGATTTGTATTGCCTGATGTGACGTGACCACGTCACATCAGATCTTCAAGGTTGGATAAGGCGTTTACGCCGTACCCGACAAACATGTCACCATGCCTGATGTGCTGTGGCAAAAGCCCTAAATCCCGCCTGTTTTGCCCCTTACTCAAACCATTGAACGCTTTGCGCTCTGGCATCATTTACGCTTAATACTCTTTCCAGGATTGGCGACGTGTCTGACGAGAGCGACGACAAAACAGAGGCCCCCACACCTCACCGACTA,2,TTGTTGGATAGTCTTGGATTTTGATTTGTATTGCCTGA-----TGTGGCGTGACTACGTCATATCAGGC------GGTCGGATAACGCGATGACGCCGCATCCGACAAACGC-ATACTATGCTTGATGTGTGGCAGCAAAAGCCCTAAATCCCGCCTGTTTTGCCCCTTACTCAAACCATTGAACGCTTTGCGCTCTGGCATCATTTACGCTTAATACTCTTTCC-AGGATTGGCGACGTGTCTGACGAGAGCGACGACAAAACAGAAGCCCCCACACCTCACCGACTA,5
41,TTGTTGGATAGTCTTGGATTTTGATTTGTATTGCCTGATGTGGCGTGACCACGTCATATCAGGCGGTCGGATAACGCTGCAACCGACAAACGCATACTATGCTTGATGTGTGGCAGCAAAAGCCCTAAATCCCGCCTGTTTTGCCTCTTACTCAAACCATTGAACGCTTTGCGCTCTGGCATCATTTACGCTTAATACTCTTTCCAGGATTGGCGACGTGTCTGACGAGAGCGACGACAAAACAGAAGCCCCCACACCTCACCGACTA,2,TTGTTGGATAGTCTTGGATTTTGATTTGTATTGCCTGA-----TGTGGCGTGACCACGTCATATCAGGT------GGTCTGATAAGGCGATGACGCCGCATCCGACAAACGC-ACACTATGCTTGATGTGTGGCAGCAAAAGCCCTAAATCCCGCCTGTTTTGCCCCTTACTCAAACCATTGAACGCTTTGCGCTCTGGCATCATTCACGCTTAATACTCTTTCC-AGGATTGGCGACGTGTCTGACGAGAGCGACGACAAAACAGAAGCCCCCACACCTCACCGACTA,1
43,TTGTTGGATAGTCTTGGATTTTGATTTGTATTGCCTGATGTGGCGTGACCACGTCATATCAGGCGGTCTGATAAGGCGATGACGCCGCATCCTACAAACGCACACTATGCTTGATGTGTGGCAGCAAAAGCCCTAAATCCCGCCTGTTTTGCCCCTTACTCAAACCATTGAACGCTTTGCGCTCTGGCATCATTCACGCTTAATACTCTTTCCAGGATTGGCGACGTGTCTGACGAGAGCGACGACAAAACAGAAGCCCCCACACCTCACCGACTA,2,-----------------ATTTTGATTTGTATTGCCTGA-----TGTGGCGTGACCACGTCATATCAGGC------GGTCTGATAAGGCGATGACGCCGCATCCGACAAACGC-ACACTATGCTTGATGTGTGGCAGCAAAAGCCCTAAATCCCGCCTGTTTTGCCCCTTACTCAAACCATTGAACGCTTTGCGCTCTGGCATCATTCACGCTTAATACTCTTTCC-AGGATTGGCGACGTGTCTGACGAGAGCGACGACAAAACAGAAGCCCCCACACCTCACTGACTA,18
45,TTTTGATTTGTATTGCCTGATGTGGCGTGACCACGTCATATCAGGCGGTCTGATAAGGCGATGACGCCGCATCCGACAAACGCACACTATGCTTGATGTGTGGCAGCAAAAGCCCTAAATCCCGCCTGTTTTGCCCCTTACTCAAACCATTGAACGCTTTGCGCTCTGGCATCATTCACGCTTAATACTCTTTCCAGGATTGGCGACGTGTCTGACGAGAGCGACGACAAAACAGAAGCCCCCACACCTCACCGACTA,2,TTGTTGGATAGTCTTGGATTTTGATTTGTATTGCCTGA-----TGTGGCGTGACCACGTCATATCAGGC------GGTCGGA--------TAACGCTGCAACCGACAAACGC-ATACTATGCTTGATGTGTGGCAGCAAAAGCCCTAAATCCCGCCTGTTTTGCCTCTTACTCAAACCATTGAACGCTTTGCGCTCTGGCATCATTTACGCTTAATACTCTTTCC-AGGATTGGCGACGTGTCTGACGAGAGCGACGACAAAACAGAAGCCCCCACACCTCACCGACTA,15
46,TTGTTGGATAGTCTTGGATTTTGATTTGTATTGCCTGATGTGGCGTGACCACGTCATATCAGGCGGTCTGATAAGGCGATGACGCCGCATCCGACAAACGCACACTATGCTTGATGTGTGGCAGCAAAAGCCCTAAATCCCGCCTGTTTTGCCCCTTACTCAAACCATTGAACGCTTTGCGCTCTGGCATCATTCACGCTTAATACTCTTTCCAGGATTGGCGACGTGTCTGACGAGAGCGACGACAAAACAGAAGCTCCCACACCTCACCGACTA,2,TTGTTGGATAGTCTTGGATTTTGATTTGTATTGCCTGA-----TGTGGCGTGACCACGTCATATCAGGC------GGTCTGATAAGGCGATGACGCCGCATCCGACAAACGC-ACACTATGCTTGATGTGTGGCAGCAAAAGCCCTAAATCCCGCCTGTTTTGCCCCTTACTCAAACCATTGAACGCTTTGCGCTCTGGCATCATTCACGCTTAATACTCTTTAC-AGGATTGGCGACGTGTCTGACGAGAGCGACGACAAAACAGAAGCCCCCACACCTCACCGACTA,1
47,GTGTGCTGCGGCAAAAGCCCTAAATCCCGCCAACTTTGCCCCTTACTCAAGCCATTGAACTCTTGTTGCTCTGGCATTATTCACGCTTATTTTTATTTCCAGGATTGGCGACGTGTCTGACGAGAGCGACGACAAAACAGAAGACCCTACACCTCATCGACT,2,TTGTTGGATAGTCTTGGATTTTGATTTGTATTGCCTGA-----TGTGACGTGACCACGTCACATCAGATCTTCAAGGTTGGATAAGGCGTTTACGCCGTACCCGACAAACATGTCACCATGCCTGATGTGCTGTGGCAAAAGCCCTAAATCCCGCCTGTTTTGCCCCTTACTCAAACCATTGAACGCTTTGCGCTCTGGCATCATTTACGCTTAATACTCTTTCC-AGGATTGGCGACGTGTCTGACGAGAGCGACGACAAAACAGAGGCCCCCACACCTCACCGACTA,28
48,TTGTTGGATAGTTTTGGATTTTGATTTGTATTGCCTGATGTGGCGTGACCACGTCATATCAGGCGGTCTGATAAGGCGATGACGCCGCATCCGACAAACGCACACTATGCTTGATGTGTGGCAGCAAAAGCCCTAAATCCCGCCTGTTTTGCCCCTTACTCAAACCATTGAACGCTTTGCGCTCTGGCATCATTCACGCTTAATACTCTTTCCAGGATTGGCGACGTGTCTGACGAGAGCGACGACAAAACAGAAGCCCCCACACCTCACCGACTA,2,-TGTTGGATAGTCTTGGATTTTGATTTGTATTGCCTGA-----TGTGGCGTGACCACGTCATATCAGGC------GGTCTGATAAGGCGATGACGCCACATCCGACAAACGC-ACACTATGCTTGATGTGTGGCAGCAAAAGCCCTAAATCCCGCCTGTTTTGCCCCTTACTCAAACCATTGAACGCTTTGCGCTCTGGCATCATTTACGCTTAATACTCTTTCC-AGGATTGGCGACGTGTCTGACGAGAGCGACGACAAAACAGAAGCCCCCACACCTCACCGAC-T,5
49,GTGTGCTGCGGCAAAAGCCCTAAATCCCGCCAACTTTGCCCCTTACTCAAACCATTGAACTCTTGTTGCTCTGGCATTATTCACGCTTATTTTTATTTCCAGGATTGGCGACGTGTCTGACGAGAGCGACGACAAAACAGAAGACCCTACACCTCACCGACT,2,TTGTTGGATAGTCTTGGATTTTGATTTGTATTGCCTGA-----TGTGGCGTGACCACGTCATATCAGGC------GGTCTGATAAGGCGATGACGCCGCATCCGACAAACGC-ACACTATGCTTGATGTGTGGCAGCAAAAGCCCTAAATCCCGCCTGTTTTGCCCCTTACTCAAACCATTGAATGCTTTGCGCTCTGGCATCATTCACGCTTAATACTCTTTCC-AGGATTGGCGACGTGTCTGACGAGAGCGACGACAAAACAGAAGCCCCCACACCTCACCGACTA,1
50,TTGTTGGATAGTCTTGGATTTTGATTTGTATTGCCTGATGTGGCGTGACCACGTCATATCAGGCGGTCTGATAAGGCGATGACGCCGCATCCGACAAACGCACACTATGCTTGATGTGTGGCAGCAAAAGCCCTAAATCCCGCCTGTTTTGCCCCTTACTCAAACCATTGAATGCTTTGCGCTCTGGCATCATTCACGCTTAATACTCTTTCCAGGATTGGCGACGTGTCTGACGAGAGCGACGACAAAACAGAAGCCCCCACACCTCACCGACTA,2,TTGTTGGATAGTCTTGGATTTTGATTTGTATTGCCTGA-----TGTGGCGTGACCACGTCATATCAGGC------GGTCTGATAAGGCGATGACGCCGCATCCTACAAACGC-ACACTATGCTTGATGTGTGGCAGCAAAAGCCCTAAATCCCGCCTGTTTTGCCCCTTACTCAAACCATTGAACGCTTTGCGCTCTGGCATCATTCACGCTTAATACTCTTTCC-AGGATTGGCGACGTGTCTGACGAGAGCGACGACAAAACAGAAGCCCCCACACCTCACCGACTA,1
51,GTGTGCTGCGGCAAAAGCCCTAAATCCCGCCAACTTTGCCCCTTACTCAAACCATTGAACTCTTGTTGCTCTGGCATTATTCACGCTTATTTTTTTTCCAGGATTGGCGACGTGTCTGACGAGAGCGACGATAAAACAGAAGACCCTACACCTCATCGACT,1,TTGTTGGATAGTCTTGGATTTTGATTTGTATTGCCTGA-----TGTGGCGTGACCACGTCATATCAGGC------GGTCTGATAAGGCGATGACGCCGCATCCGACAAACGC-ATACTATGCTTGATGTGTGGCAGCAAAAGCCCTAAATCCCGCCTGTTTTGCCCCTTACTCAAACCATTGAACGCTTTGCGCTCTGGCATCATTCACGCTTAATACTCTTTCC-AGGATTGGCGACGTGTCTGACGAGAGCGACGACAAAACAGAAGCCCCCACACCTCACCGACTA,1
53,TTGTTGGATAGTCTTGGATTTTGATTTGTATTGCCTGATGTGGCGTGACCACGTCATATCAGGCGGTCTGATAAGGCGATGACGCCGCATCCGACAAACGCACACTATGCTTGATGTGTGGCAGCAAAAGCCCTAAATCCCGCCTGTTTTGCTCCTTACTCAAACCATTGAACGCTTTGCGCTCTGGCATCATTCACGCTTAATACTCTTTCCAGGATTGGCGACGTGTCTGACGAGAGCGACGACAAAACAGAAGCCCCCACACCTCACCGACTA,1,TTGTTGGATAGTCTTGGATTTTGATTTGTATTGCCTGA-----TGTGACGTGACCACGTCATATCAG-------------------GCGATGACGCCGCATCCGACAAACGC-ATACTATGCTTGATGTGTGGCAGTAAAAGCCCTAAATCCCGCCTGTTTTGCCCCTTACTCAAACCATTGAACGCTTTGCGCTCTGGCATCATTTACGCTTAATACTCTTTCCCAGGATTGGCGACGTGTCTGACGAGAGCGACGACAAAACAGAGGCCCCCACACCTCACCGACTA,19
54,ACGTGTCTGACGAGAGCGACGACAAAACAGAAGCCCCCACACCTCACCGACTA,1,TTGTTGGATAGTCTTGGATTTTGATTTGTATTGCCTGA-----TGTGGCGTGACCACGTCATATCAGGC------GGTCTGATAAGGCGATGACGCCGCATCCGACAAACGC-ACACTATGCTTGATGTGTGGCAGCAAAAGCCCTAAATCCCGCCTGTTTTGCCCCTTACTCAAACCATTGAACGCTTTGCGCTCTGGCATCATTCACTCTTAATACTCTTTCC-AGGATTGGCGACGTGTCTGACGAGAGCGACGACAAAACAGAAGCCCCCACACCTCACCGACTA,1
55,TTGTTGGATAGTCTTGGATTTTGATTTGTATTGCCTGATGTGACGTGACCACGTCATATCAGGCGATGACGCCGCATCCGACAAACGCATACTATGCTTGATGTGTGGCAGTAAAAGCCCTAAATCCCGCCTGTTTTGCCCCTTACTCAAACCATTGAACGCTTTGCGCTCTGGCATCATTTACGCTTAATACTCTTTCCCAGGATTGGCGACGTGTCTGACGAGAGCGACGACAAAACAGAGGCCCCCACACCTCACCGACTA,1,TTGTTGGATAGTCTTGGATTTTGATTTGTATTGCCTGA-----TGTGGCGTGACCACGTTATATCAGGC------GGTCTGATAAGGCGATGACGCCGCATCCGACAAACGC-ACACTATGCTTGATGTGTGGCAGCAAAAGCCCTAAATCCCGCCTGTTTTGCCCCTTACTCAAACCATTGAACGCTTTGCGCTCTGGCATCATTCACGCTTAATACTCTTTCC-AGGATTGGCGACGTGTCTGACGAGAGCGACGACAAAACAGAAGCCCCCACACCTCACCGACTA,1
56,TTGTTGGATAGTCTTGGATTTTGATTTGTATTGCCTGATGTGGCGTGACCACGTCATATCAGGCGGTCTGATAAGGCGATGACGCCGCATCCGACAAACGCACACTATGCTTGATGTGTGGCAGCAAAAGCCCTAAATCCCGCCTGTTTTGCCCCTTACTCAAACCATTGAACGCTTTGCGCTCTGGCATCATTCACTCTTAATACTCTTTCCAGGATTGGCGACGTGTCTGACGAGAGCGACGACAAAACAGAAGCCCCCACACCTCACCGACTA,1,TTGTTGGATAGTCTTGGATTTTGATTTGTATTGCCTGA-----TGTGACGTGGCCGCGTCACATCAGATCTTCAAGGTTGGATAAGGCGTTTACGCCGTACCCGACAAACATGTCACCATGCCTGATGTGCTGTGGCAAAAGCCCTAAATCCCGCCTGTTTTGCCCCTTACTCAAACCATTGAACACTTTGCGCTCTGGCATCATTTACGCTTAATACTCTTTCC-AGGATTGGCGACGTGCCTGACGAGAGCGACGACAAAACAGAAGCCCCCACACCTCACCGACTA,31
57,TTGTTGGATAGTCTTGGATTTTGATTTGTATTGCCTGATGTGACGTGGCCGCGTCACATCAGATCTTCAAGGTTGGATAAGGCGTTTACGCCGTACCCGACAAACATGTCACCATGCCTGATGTGCTGTGGCAAAAGCCCTAAATCCCGCCTGTTTTGCCCCTTACTCAAACCATTGAACACTTTGCGCTCTGGCATCATTTACGCTTAATACTCTTTCCAGGATTGGCGACGTGCCTGACGAGAGCGACGACAAAACAGAAGCCCCCACACCTCACCGACTA,1,TTGTTGGATAGTCTTGGATTTTGATTTGTATTGCCTGA-----TGTGGCGTAACCACGTCATATCAGGC------GGTCTGATAAGGCGATGACGCCGCATCCGACAAACGC-ACACTATGCTTGATGTGTGGCAGCAAAAGCCCTAAATCCCGCCTGTTTTGCCCCTTACTCAAACCATTGAACGCTTTGCGCTCTGGCATCATTCACGCTTAATACTCTTTCC-AGGATTGGCGACGTGTCTGACGAGAGCGACGACAAAACAGAAGCCCCCACACCTCACCGACTA,1
58,TTGTTGGATAGTCTTGGATTTTGATTTGTATTGCCTGATGTGGCGTAACCACGTCATATCAGGCGGTCTGATAAGGCGATGACGCCGCATCCGACAAACGCACACTATGCTTGATGTGTGGCAGCAAAAGCCCTAAATCCCGCCTGTTTTGCCCCTTACTCAAACCATTGAACGCTTTGCGCTCTGGCATCATTCACGCTTAATACTCTTTCCAGGATTGGCGACGTGTCTGACGAGAGCGACGACAAAACAGAAGCCCCCACACCTCACCGACTA,1,TTGTTGGATAGTCTTGGATTTTGATTTGTATTGCCTGA-----TGTGACGTGGCCGCGTCACATCAGATCTTCAAGGTTGGATAAGGCGTTTACGCCGTACCCGACAAACATGTCACCATGCCTGATGTGCTGTGGCAAAAGCCCTAAATCCCGCCTGTTTTGCCCCTTACTCAAACCATTGAACGCTTTGCGCTCTGGCATCATTTACGCTTAATACTCTTTCT-AGGATTGGCGACGTGTCTGACGAGAGCGACGACAAAACAGAAGCCCCCACACCTCACCGACTA,30
60,GTGTGCTGCGGCAAAAGCCCTAAATCCCGCCAACTTTGCCCCTTACTCAAACCATTGAACTCTTGTTGCTCTGGCATTATTCACGTTTATTTTTATTTCCAGGATTGGCGACGTGTCTGACGAGAGCGACGACAAAACAGAAGACCCTACACCTCATCGACT,1,TTGTTGGATAGTCTTGGATTTTGATTTGTATTGCCTGA-----TGTGGCGTGACCACGTCATATCAGGC------GGTCTGATAAGGCGATGACGCCGCATCCGACAAACGC-ACACTATGCTTGATGTGTGGCAGCAAAAGCCCTAAATCCCGCCTGTTTTGCCCCTTACTCAAACCATTGAACGTTTTGCGCTCTGGCATCATTCACGCTTAATACTCTTTCC-AGGATTGGCGACGTGTCTGACGAGAGCGACGACAAAACAGAAGCCCCCACACCTCACCGACTA,1
61,TTGTTGGATAGTCTTGGATTTTGATTTGTATTGCCTGATGTGGCGTGACCACGTCATATCAGGCGGTCTGATAAGGCGATGACGCCGCATCCGACAAACGCATACTATGCTTGATGTGTGGCAGCAAAAGCCCTAAATCCCGCCTGTTTTGCCCCTTACTCAAACCATTGAACGCTTTGCGCTCTGGCATCATTCACGCTTAATACTCTTTCCAGGATTGGCGACGTGTCTGACGAGAGCGACGACAAAACAGAAGCCCCCACACCTCACCGACTA,1,TTGTTGGATAGTCTTGGATTTTGATTTGTATTGCCTGA-----TGTGGCGTGACCACGTCATATCAGGC------GGTCTAATAAGGCGATGACGCCGCATCCGACAAACGC-ACACTATGCTTGATGTGTGGCAGCAAAAGCCCTAAATCCCGCCTGTTTTGCCCCTTACTCAAACCATTGAACGCTTTGCGCTCTGGCATCATTCACGCTTAATACTCTTTCC-AGGATTGGCGACGTGTCTGACGAGAGCGACGACAAAACAGAAGCCCCCACACCTCACCGACTA,1
63,TTGTTGGATAGTCTTGGATTTTGATTTGTATTGCCTGATGTGGCGTAACCGCGTCATATCAGGCGATGACGCCGCATCCGACAAACGCACACCATGCTTGATGTGTGCAGCAAAAGCCCTAAATCCCCCCTGTTTTGCCCCTTACTCAGACCATTGAACGCTTTTCGCTCTGGCATCATTCACGCTTAATACTCTTTCCAGGATTGGCGACGTGTCTGACGAGAGCGACGACAAAACAGAAGCCCCCACACCCCACCGACT,1,TTGTTGGATAGTCTTGGATTTTGATTTGTATTGCCTGA-----TGTGGCGTGACCACGTCATATCAGGC------GGTCTGATAAGGCGATGACGCCGCATCCGACAAACGC-ACACTATGCTTGATGTGTGGCAGCAAAAGCCCTAAATCCCACCTGTTTTGCCCCTTACTCAAACCATTGAACGCTTTGCGCTCTGGCATCATTTACGCTTAATACTCTTTCC-AGGATTGGCGACGTGTCTGACGAGAGCGACGACAAAACAGAAGCCCCCACACCTCACCGACTA,2
64,TTGTTGGATAGTCTTGGATTTTGATTTGTATTGCCTGATGTGGCGTGACCACGTCATATCAGGCGGTCTGATAAGGCGATGACGCCGCATCCGACAAACGCACACTATGCTTGATGTGTGGCAGCAAAAGCCCTAAATCCCGCCTGTTTTGCCCCTTACTCAAACCATTGAACGTTTTGCGCTCTGGCATCATTCACGCTTAATACTCTTTCCAGGATTGGCGACGTGTCTGACGAGAGCGACGACAAAACAGAAGCCCCCACACCTCACCGACTA,1,TTGTTGGATAGTCTTGGATTTTGATTTGTATTGCCTGA-----TGTGACGTGACCACGTCATATCAG-------------------GCGATGACGCCGCATCCGACAAACGC-ATACTATGCTTGATGTGTGGCAGTAAAAGCCCTAAATCCCGCCTGTTTTGCCCCTTACTCAAACCATTGAACGTTTTGCGCTCTGGCATCATTTACGCTTAATACTCTTTCC-AGGATTGGCGACGTGTCTGACGAGAGCGACGACAAAACAGAAGCCCCCACACCTCACCGACTA,18
65,TTGTTGGATAGTCTTGGATTTTGATTTGTATTGCCTGATGTGACGTGACCACGTCATATCAGGCGATGACGCCGCATCCGACAAACGCATACTATGCTTGATGTGTGGCAGTAAAAGCCCTAAATCCCGCCTGTTTTGCCCCTTACTCAAACCATTGAACGTTTTGCGCTCTGGCATCATTTACGCTTAATACTCTTTCCAGGATTGGCGACGTGTCTGACGAGAGCGACGACAAAACAGAAGCCCCCACACCTCACCGACTA,1,TTGTTGGATAGTCTTGGATTTTGATTTGTATTGCCTGA-----TGTGGCGTGACCACGTCATATCAGGC------GGTCTGATAAGGCGATGACGCCACATCCGACAAACGC-ACACTATGCTTGATGTGTGGCAGCAAAAGCCCTAAATCCCGCCTGTTTTGCCCCTTACTCAAACCATTGAACGCTTTGCGCTCTGGCATCATTCACGCTTAATACTCTTTCC-AGGATTGGCGACGTGTCTGACGAGAGCGACGACAAAACAGAAGCCCCCACACCTCACCGACTA,1
67,TTGTTGGATAGTCTTGGATTTTGATTTGTATTGCCTGATGTGACGTGGCCGCGTCACATCAGATCTTCAAGGTTGGATAAGGCGTTTACGCCGTACCCGACAAACATGTCACCATGCCTGATGTGCTGTGGCAAAAGCCCTAAATCCCGCCTGTTTTGCCTCTTACTCAAACCATTGAACGCTTTGCGCTCTGGCATCATTTACGCTTAATACTCTTTCCAGGATTGGCGACGTGTCTGACGAGAGCGACGACAAAACAGAAGCCCCCACACCTCACCGACTA,1,TTGTTGGATAGTCTTGGATTTTGATTTGTATTGCCTGA-----TGTGACGTGGCCGCGTCACATCAGATCTTCAAGGTTGGATAAGGCGTTTACGCCGTACCCGACAAACATGTCACCATGCCTGATGTGCTGTGGCAAAAGCCCTAAATCCCGCCTGTTTTGCCTCTTACTCAAACCATTGAACGCTTTGCGCTCTGGCATCATTTACGCTTAATACTCTTTCC-AGGATTGGCGACGTGTCTGACGAGAGCGACGACAAAACAGAAGCCCCCACACCTCACCGACTA,30
68,TTGTTGGATAGTCTTGGATTTTGATTTGTATTGCCTGATGTGGCGTGACTACGTCATATCAGGCGGTCGTATAACGCGATGACGCCGCATCCGACAAACGCATACTTTGCTTGATGTGTGGCAGTAAAAGCCCTAAATCCCGCCTGTTTTGCCCCTTACTCAAACCATTGAACGCTTTGCGCTCTGGCATCATTTACGCTTAATACTCTTTCCAGGATTGGCGATGTGTCTGACGAGAGCGACGACAAAACAGAAGCCCCCACACCTCACCGACTA,1,TTGTTGGATAGTCTTGGATTTTGATTTGTATTGCCTGA-----TGTGGCGTGACTACGTCATATCAGGC------GGTCGTATAACGCGATGACGCCGCATCCGACAAACGC-ATACTTTGCTTGATGTGTGGCAGTAAAAGCCCTAAATCCCGCCTGTTTTGCCCCTTACTCAAACCATTGAACGCTTTGCGCTCTGGCATCATTTACGCTTAATACTCTTTCC-AGGATTGGCGATGTGTCTGACGAGAGCGACGACAAAACAGAAGCCCCCACACCTCACCGACTA,9
70,TTGTTGGATAGTCTTGGATTTTGATTTGTATTGCCTGATGTGACGTGGCCGCGTCACATCAGATCTTCAAGGTTGGATAAGGTGTTTACGCCGTACCCGACAAACATGTCACCATGCCTGATGTGCTGTGGCAAAAGCCCTAAATCCCGCCTGTTTTGCCCCTTACTCAAACCATTGAACGCTTTGCGCTCTGGCATCATTTACGCTTAATACTCTTTCCAGGATTGGCGACGTGTCTGACGAGAGCGACGACAAAACAGAAGCCCCCACACCTCACCGACTA,1,TTGTTGGATAGTCTTGGATTTTGATTTGTATTGCCTGA-----TGTGACGTGGCCGCGTCACATCAGATCTTCAAGGTTGGATAAGGTGTTTACGCCGTACCCGACAAACATGTCACCATGCCTGATGTGCTGTGGCAAAAGCCCTAAATCCCGCCTGTTTTGCCCCTTACTCAAACCATTGAACGCTTTGCGCTCTGGCATCATTTACGCTTAATACTCTTTCC-AGGATTGGCGACGTGTCTGACGAGAGCGACGACAAAACAGAAGCCCCCACACCTCACCGACTA,30
71,TTGTTGGATAGTCTTGGATTTTGATTTGTATTGCCTGATGTGGCGTGACCACGTCATATCAGGCGGTCTGATAAGGCGATGACGCCGCATCCGACAAACGCACACAATGCTTGATGTGTGGCAGCAAAAGCCCTAAATCCCGCCTGTTTTGCCCCTTACTCAAACCATTGAACGCTTTGCGCTCTGGCATCATTCACGCTTAATACTCTTTCCAGGATTGGCGACGTGTCTGACGAGAGCGACGACAAAACAGAAGCCCCCACACCTCACCGACTA,1,TTGTTGGATAGTCTTGGATTTTGATTTGTATTGCCTGA-----TGTGGCGTGACCACGTCATATCAGGC------GGTCTGATAAGGCGATGACGCCGCATCCGACAAACGC-ACACTATGCTTGATGTGTGGCAGCAAAAGCCCTAAATCCCGCCTGTTTTGCTCCTTACTCAAACCATTGAACGCTTTGCGCTCTGGCATCATTCACGCTTAATACTCTTTCC-AGGATTGGCGACGTGTCTGACGAGAGCGACGACAAAACAGAAGCCCCCACACCTCACCGACTA,1
72,TTGTTGGATAGTCTCGGTTTTTAATTTGTATTGCCTGATATGACGTGACCCGTCGTATCAGGCGGCCGGATGAGACGTTTACACCGTATCCGACAAACGCGGCACCACGCCTGATGTGCTGCGGTAAAAGCCCTAAATCCCGCCTGTTTTGCCCCTTACTCTAACCATTGAACGCTTTCCGCTCTGGCATTATTCACGCTTATCACTATTTCCAGGATTGGCGACGTGTCTGACGAGAGCGACGACAAAACAGAAGCCCCCACACCTCACCGACT,1,TTGTTGGATAGTCTTGGATTTTGATTTGTATTGCCTGA-----TGTGGCGTGACCACGTCATATCAGGC------GGTCTGATAAGGCGATGACGCCGCATCCGACAAACGC-ACACTATGTTTGATGTGTGGCAGCAAAAGCCCTAAATCCCGCCTGTTTTGCCCCTTACTCAAACCATTGAACGCTTTGCTCTCTGGCATCATTCACGCTTAATACTCTTTCC-AGGATTGGCGACGTGTCTGACGAGAGCGACGACAAAACAGAAGCCCCCACACCTCACCGACTA,2
73,TTGTTGGATAGTCTTGGATTTTGATTTGTATTGCCTGATGTGGCGTGACCACGTCATATCAGGCGGTCTGATAAGGCGATGACGCCGCATCCGACAAACGCACACTATGTTTGATGTGTGGCAGCAAAAGCCCTAAATCCCGCCTGTTTTGCCCCTTACTCAAACCATTGAACGCTTTGCTCTCTGGCATCATTCACGCTTAATACTCTTTCCAGGATTGGCGACGTGTCTGACGAGAGCGACGACAAAACAGAAGCCCCCACACCTCACCGACTA,1,TTGTTGGATAGTCTTGGATTTTGATTTGTATTGCCTGA-----TGTGGCGTGACCACGTCATATCAGGC------GGTCTGATAAGGCGATGACGCCGCATCCGACAAACGC-ACACAATGCTTGATGTGTGGCAGCAAAAGCCCTAAATCCCGCCTGTTTTGCCCCTTACTCAAACCATTGAACGCTTTGCGCTCTGGCATCATTCACGCTTAATACTCTTTCC-AGGATTGGCGACGTGTCTGACGAGAGCGACGACAAAACAGAAGCCCCCACACCTCACCGACTA,1
74,TTGTTGGATAGTCTTGGATTTTGATTTGTATTGCCTGATGTGGCGTGACCACGTCATATCAGGCGGTCTGATAAGGCGATGACGCCGCATCCGACAAACGCACACTATGCTTGATGTGTGGCAGCAAAAGCCCTAAATCCCGCCTGTTTTGCCTCTTACTCAAACCATTGAACGCTTTGCGCTCTGGCATCATTCACGCTTAATACTCTTTCCAGGATTGGCGACGTGTCTGACGAGAGCGACGACAAAACAGAAGCCCCCACACCTCACCGACTA,1,TTGTTGGATAGTCTTGGATTTTGATTTGTATTGCCTGA-----TGTGGCGTGACCACGTCATATCAGGC------GGTCTGATAAGGCGATGACGCCGCATCCGACAAACGC-ACACTATGCTTGATCTGTGGCAGCAAAAGCCCTAAATCCCGCCTGTTTTGCCCCTTACTCAAACCATTGAACGCTTTGCGCTCTGGCATCATTCACGCTTAATACTCTTTCC-AGGATTGGCGACGTGTCTGACGAGAGCGACGACAAAACAGAAGCCCCCACACCTCACCGACTA,1
75,ATTTTGATTTGTATTGCCTGATGTGGCGTGACCACGTCATATCAGGCGGTCTGATAAGGCGATGACGCCGCATCCGACAAACGCACACTATGCTTGATGTGTGGCAGCAAAAGCCCTAAATCCCGCCTGTTTTGCCCCTTACTCAAACCATTGAACGCTTTGCGCTCTGGCATCATTCACGCTTAATACTCTTTCCAGGATTGGCGACGTGTCTGACGAGAGCGACGACAAAACAGAAGCCCCCACACCTCACTGACTA,1,TTGTTGGATAGTCTTGGATTTTGAGTTGTATTGCCTGA-----TGTGGCGTGACCACGTCATATCAGGC------GGTCTGATAAGGCGATGACGCCGCATCCGACAAACGC-ACACTATGCTTGATGTGTGGCAGCAAAAGCCCTAAATCCCGCCTGTTTTGCCCCTTACTCAAACCATTGAACGCTTTGCGCTCTGGCATCATTCACGCTTAATACTCTTTCC-AGGATTGGCGACGTGTCTGACGAGAGCGACGACAAAACAGAAGCCCCCACACCTCACCGACTA,1
77,GCGATGACGCCGCATCCGACAAACGCATACTATGCTTGATGTGTGGCAGTAAAAGCCCTAAATCCCGCCTGTTTTGCCCCTTACTCAAACCATTGAACGCTTTGCGCTCTGGCATCATTTACGCTTAATACTCTTTCCAGGATTGGCGACGTGTCTGACGAGAGCGACGACAAAACAGAAGCCCCCACACCTCACCGACTA,1,TTGTTGGATAGTCTTGGATTTTGATTTGTATTGCCTGA-----TGTGGCGTGACCACGTCATATCAGGC------GGTCTGATAAGGCGATGACGCCGCATCCGACAAACGC-ACACTATGCTTGATGTGTGGCAGCAAAAGCCCTAAATCCCGCCTGTTTTGCCCCTTACTCAAACCATTGAACGCTTTGCGCTCTGGCATCATTCACGCTTAATACTCTTTCC-TGGATTGGCGACGTGTCTGACGAGAGCGACGACAAAACAGAAGCCCCCACACCTCACCGACTA,1
78,TTGTTGGATAGTCTTGGATTTTGATTTGTATTGCCTGATGTGGCGTGACCACGTCATATCAGGCGGTCTGATAAGGCGATGACGCCGCATCCGACAAACGCACACTATGCTTGATGTGTGGCAGCAAAAGCCCTAAATCCCGCCTGTTTTGCCCCTTACTCAAACCATTGAACGCTTTGCGCTCTGGCATCATTCACGCTTAATACTCTTTCCAGGATTGGCGACGTGTCTGACGAGAGCGACGACAAAACAGAAGCCCCTACACCTCACCGACTA,1,TTGTTGGATAGTCTTGGATTTTGATTTGTATTGCCTGA-----TGTGGCGTGATCACGTCATATCAGGC------GGTCTGATAAGGCGATGACGCCGCATCCGACAAACGC-ACACTATGCTTGATGTGTGGCAGCAAAAGCCCTAAATCCCGCCTGTTTTGCCCCTTACTCAAACCATTGAACGCTTTGCGCTCTGGCATCATTCACGCTTAATACTCTTTCC-AGGATTGGCGACGTGTCTGACGAGAGCGACGACAAAACAGAAGCCCCCACACCTCACCGACTA,1
79,TTGTTGGATAGTCTTGGATTTTGAGTTGTATTGCCTGATGTGGCGTGACCACGTCATATCAGGCGGTCTGATAAGGCGATGACGCCGCATCCGACAAACGCACACTATGCTTGATGTGTGGCAGCAAAAGCCCTAAATCCCGCCTGTTTTGCCCCTTACTCAAACCATTGAACGCTTTGCGCTCTGGCATCATTCACGCTTAATACTCTTTCCAGGATTGGCGACGTGTCTGACGAGAGCGACGACAAAACAGAAGCCCCCACACCTCACCGACTA,1,TTGTTGGATAGTCTTGGATTTTGATTTGTATTGCCTGA-----TGTGGCGTGACTACGTCATATCAGGC------GGTCGTATAACGCGATGACGCCGCATCCGACAAACGC-ATACTATGCTTGATGTGTGGCAGTAAAAGCCCTAAATCCCGCCTGTTTTGCCCCTTACTCAAACCATTGAACGCTTTGCGCTCTGGCATCATTTACGCTTAATACTCTTTCC-AGGATTGGCGACGTGTCTGACGAGAGCGACGACAAAACAGAAGCCCCCACACCTCACCGACTA,7
80,GCATAAACGTCCTAAATCCCGCCTGTTTTGCCCCTTACTCAAACCATTGAACGCTTTGCGCTCTGGCATCATTTACGCTTAATACTCTTTCCAGGATTGGCGACGTGTCTGACGAGAGCGACGACAAAACAGAAGCCCCCACACCTCACCGACTA,1,TTGTTGGATAGTCTTGGATTTTGATTTGTATTGCCTGA-----TGTGGCGTGACCACGTCATATCAGGC------GGTCTGATAAGGCGATGACGCCGCATCCGACAAACGC-ACACTATGCTTGATGTGTGGCAGCAAAAGCCCTAAATCCCGCCTGTTTTGCCTCTTACTCAAACCATTGAACGCTTTGCGCTCTGGCATCATTCACGCTTAATACTCTTTCC-AGGATTGGCGACGTGTCTGACGAGAGCGACGACAAAACAGAAGCCCCCACACCTCACCGACTA,1
81,TTGTTGGATAGTCTTGGATTTTGATTTGTATTGCCTGATGTGGCGTGACCACGTCATATCAGGCGGTCTGATAAGGCGATGACGCCGCATCCGACAAACGCACACTATGCTTGATGTGTGGCAGCAAAAGCCCTAAATCCCGCCTGTTTTGCCCCTTACTCAAACCATTGAACGCTTTGCGCTCTGGCATCATTCACGCTTAATACTCTTTCCTGGATTGGCGACGTGTCTGACGAGAGCGACGACAAAACAGAAGCCCCCACACCTCACCGACTA,1,TTGTTGGATAGTCTTGGATTTTGATTTGTATTGCCTGA-----TGTGGCGTGACCACGTCATATCAGGC------GGTCTGATAAGGTGATGACGCCGCATCCGACAAACGC-ACACTATGCTTGATGTGTGGCAGCAAAAGCCCTAAATCCCGCCTGTTTTGCCCCTTACTCAAACCATTGAACGCTTTGCGCTCTGGCATCATTTACGCTTAATACTCTTTCC-AGGATTGGCGACGTGTCTGACGAGAGCGACGACAAAACAGAAGCCCCCACACCTCACCGACTA,2
82,TTGTTGGATAGTCTTGGATTTTGATTTGTATTGCCTGATGTGGCGTGATCACGTCATATCAGGCGGTCTGATAAGGCGATGACGCCGCATCCGACAAACGCACACTATGCTTGATGTGTGGCAGCAAAAGCCCTAAATCCCGCCTGTTTTGCCCCTTACTCAAACCATTGAACGCTTTGCGCTCTGGCATCATTCACGCTTAATACTCTTTCCAGGATTGGCGACGTGTCTGACGAGAGCGACGACAAAACAGAAGCCCCCACACCTCACCGACTA,1,TTGTTGGATAGTCTTGGGTTTTGATTTGTATTGCCTGA-----TGTGACGTGACCGCGTCATATCAGGC------GGTCGGATAAGGCGTTTACGCCACATCCGACAAACGT-GCGCCCTGTCTGATGTACTGCGGTAAAAGCCCTAAAGCCCACCTGTTTTGCCACTTATTCCAGGCATTGAATGCTTTCCGCTCTGGCATTATTCACGCTTATTACCATTTCC-AGGATTGGCGACGTGTCTGACGAGAGCGACGACAAAACAGAAGCTCCCACACCTCACCGAC-T,35
83,TTGTTGGATAGTCTTGGATTTTGATTTGTATTGCCTGATGTGGCGTGACCACGTCATATCAGGCGGTCTGATAAGGTGATGACGCCGCATCCGACAAACGCACACTATGCTTGATGTGTGGCAGCAAAAGCCCTAAATCCCGCCTGTTTTGCCCCTTACTCAAACCATTGAACGCTTTGCGCTCTGGCATCATTTACGCTTAATACTCTTTCCAGGATTGGCGACGTGTCTGACGAGAGCGACGACAAAACAGAAGCCCCCACACCTCACCGACTA,1,TTGTTGGATAGTCTTGGATTTTGATTTGTATTGCCTGA-----TGTGGCGTGACTACGTCATATCAGGC------GGTCGTATAACGCGATGACGCCGCATCCGACAAACGC-ATACTATGCTTGATGTGTGGCAGTAAAAGCCCTAAATCCCGCCTGTTTTGCCCCTTACTCAAACCATTGAACGCTTTGCGCTCTGGCATCATTTACGCTTAATACTCTTTCCAGGGATTGGCGATGTGTCTGACGAGAGCGACGACAAAACAGAAGCCCCCACACCTCACCGACTA,10
84,TTGTTGGATAGTCTTGGATTTTGATTTGTATTGCCTGATGTGGCGTGACCGCGTCATATCAGGCGATGACGCCGCATCCGACAAACGCACACCATGCTTGATGTGTGCAGCAAAAGCCCTAAATCCCGCCTGTTTTGCCCCTTACTCAGACCATTGAACGCTTTGCGCTCTGGCATCATTCACGCTTAATACTCTTTCCAGGATTGGCGACGTGTCTGACGAGAGCGACGACAAAACAGAAGCCCCCACACCCCACCGACT,1,TTGTTGGATAGTCTTGGATTTTGATTTGTATTGCCTGA-----TGTGGCGTAACCGCGTCATATCAG-------------------GCGATGACGCCGCATCCGACAAACGC-ACACCATGCTTGATGTGT-GCAGCAAAAGCCCTAAATCCCCCCTGTTTTGCCCCTTACTCAGACCATTGAACGCTTTTCGCTCTGGCATCATTCACGCTTAATACTCTTTCC-AGGATTGGCGACGTGTCTGACGAGAGCGACGACAAAACAGAAGCCCCCACACCCCACCGAC-T,23
85,TTGTTGGATAGTCTTGGGTTTTGATTTGTATTGCCTGATGTGACGTGACCGCGTCATATCAGGCGGTCGGATAAGGCGTTTACGCCACATCCGACAAACGTGCGCCCTGTCTGATGTACTGCGGTAAAAGCCCTAAAGCCCACCTGTTTTGCCACTTATTCCAGGCATTGAATGCTTTCCGCTCTGGCATTATTCACGCTTATTACCATTTCCAGGATTGGCGACGTGTCTGACGAGAGCGACGACAAAACAGAAGCTCCCACACCTCACCGACT,1,TTGTTGGATAGTCTTGGATTTTGATTTGTATTGCCTGA-----TGTGGCGTGACCACGTCATATCAGGC------GGTCTGATAAGGCGATGACGCCGCATCCGACAAACGC-ACACTATGCTTGATGTGTGGCAGCAAAAGCCCTAAATCCCACCTGTTTTGCCCCTTACTCAAACCATTGAACGCTTTGCGCTCTGGCATCATTCACGCTTAATACTCTTTCC-AGGATTGGCGACGTGTCTGACGAGAGCGGCGACAAAACAGAAGCCCCCACACCTCACCGACTA,2
86,TTGTTGGATAGTCTTGGATTTTGATTTGTATTGCCTGATGTGGCGTGACCACGTCATATCAGGCGGTCTGATAAGGCGATGACGCCGCATCCGACAAACGCACACTATGCTTGATCTGTGGCAGCAAAAGCCCTAAATCCCGCCTGTTTTGCCCCTTACTCAAACCATTGAACGCTTTGCGCTCTGGCATCATTCACGCTTAATACTCTTTCCAGGATTGGCGACGTGTCTGACGAGAGCGACGACAAAACAGAAGCCCCCACACCTCACCGACTA,1,TTGTTGGATAGTCTTGGATTTTGATTTGTATTGCCTGA-----TGTGACGTGACCGCGTCACATCAGATCTTCAAGGTTGGATAAGGCGTTTACGCCGTACCCGACAAACATGTCACCATGCCTGATGTGCTGTGGCAAAAGCCCTAAATCCCGCCTGTTTTGCCCCTTACTCAAACCATTGAACGCTTTGCGCTCTGGCATCATTTACGCTTAATACTCTTTCC-AGGATTGGCGACGTGTCTGACGAGAGCGACGACAAAACAGAAGCCCCCACACCTCACCGACTA,28
87,TTGTTGGATAGTCTTGGATTTTGATTTGTATTGCCTGATGTGGCGTGACTACGTCATATCAGGCGGTCGTATAACGCGATGACGCCGCATCCGACAAACGCATACTATGCTTGATGTGTGGCAGTAAAAGCCCTAAATCCCGCCTGTTTTGCCCCTTACTCAAACCATTGAACGCTTTGCGCTCTGGCATCATTTACGCTTAATACTCTTTCCAGGGATTGGCGATGTGTCTGACGAGAGCGACGACAAAACAGAAGCCCCCACACCTCACCGACTA,1,TTGTTGGATAGTCTTGGATTTTGATTTGTATTGCCTGA-----TGTGGCGTGACTACGTCATATCAGGC------GGTCGGATAACGCGATGACGCCGCATCCGACAAACGC-ACACTATGCTTGATGTGTGGCAGCAAAAGCCCTAAATCCCGCCTGTTTTGCCCCTTACTCAAACCATTGAACGCTTTGCGATCTGGCATCATTTACGCTTAATACTCTTTCC-AGGATTGGCGACGTGTCTGACGAGAGCGACGACAAAACAGAAGCCCCCACACCTCACCGACTA,5
88,TTGTTGGATAGTCTTGGATTTTGATTTGTATTGCCTGATGTGGCGTGACCACGTCATATCAGGCGGTCTGATAAGGCGATGACGCCGCATCCGACAAACGCACACTATGCTTGATGTGTGGCAGCAAAAGCCCTAAATCCCACCTGTTTTGCCCCTTACTCAAACCATTGAACGCTTTGCGCTCTGGCATCATTCACGCTTAATACTCTTTCCAGGATTGGCGACGTGTCTGACGAGAGCGGCGACAAAACAGAAGCCCCCACACCTCACCGACTA,1,TTGTTGGATAGTCTTGGATTTTGATTTGTATTGCCTGA-----TGTGGCGTGACCACGTCATATCAGGC------GGTCTGATAAGGCGATGACGCCGCATCCGACAAACGC-ACACTATGCTTGATGTGTGGCAGCAAAAGCCCTAAATCCCGCCTGTTTTGCCCCTTACTCAAACCATTGAACGCTTTGCGCTCTGGCATCATTCACGCTTAATACTCTTTCC-AGGATTGGCGACATGTCTGACGAGAGCGACGACAAAACAGAAGCCCCCACACCTCACCGACTA,1
89,TTGTTGGATAGTCTTGGATTTTGATTTGTATTGCCTGATGTGACGTGACCGCGTCACATCAGATCTTCAAGGTTGGATAAGGCGTTTACGCCGTACCCGACAAACATGTCACCATGCCTGATGTGCTGTGGCAAAAGCCCTAAATCCCGCCTGTTTTGCCCCTTACTCAAACCATTGAACGCTTTGCGCTCTGGCATCATTTACGCTTAATACTCTTTCCAGGATTGGCGACGTGTCTGACGAGAGCGACGACAAAACAGAAGCCCCCACACCTCACCGACTA,1,TTGTTGGATAGTCTTGGATTTTGATTTGTATTGCCTGA-----TGTGGCGTGACCACGTCATATCAGGC------GGTCTGATAAGGCGATGACGCCGCATCCGACAAACGC-ACACTATGCTTGATGTGTGGCAGCAAAAGCCCTAAATCCCGCCTGTTTTGCCCCTTACTCAAACCATTGAACGCTTTGCGCTCTGGCATCATTCACGCTTAATACTCTTTCG-AGGATTGGCGACGTGTCTGACGAGAGCGACGACAAAACAGAAGCCCCCACACCTCACCGACTA,1
91,TTGTTGGATAGTCTTGGATTTTGATTTGTATTGCCTGATGTGGCGTGACCACGTCATATCAGGCGGTCTGATAAGGCGATGACGCCGCATCCGACAAACGCACACTATGCTTGATGTGTGGCAGCAAAAGCCCTAAATCCCGCCTGTTTTGCCCCTTACTCAAACCATTGAACGCTTTGCGCTCTGGCATCATTCACGCTTAATACTCTTTCCAGGATTGGCGACATGTCTGACGAGAGCGACGACAAAACAGAAGCCCCCACACCTCACCGACTA,1,TTGTTGGATAGTCTCGGTTTTTAATTTGTATTGCCTGA-----TATGACGTGACC-CGTCGTATCAGGC------GGCCGGATGAGACGTTTACACCGTATCCGACAAACGCGGCACCACGCCTGATGTGCTGCGGTAAAAGCCCTAAATCCCGCCTGTTTTGCCCCTTACTCTAACCATTGAACGCTTTCCGCTCTGGCATTATTCACGCTTATCACTATTTCC-AGGATTGGCGACGTGTCTGACGAGAGCGACGACAAAACAGAAGCCCCCACACCTCACCGAC-T,32
92,TTGTTGGATAGTCTTGGATTTTGATTTGTATTGCCTGATGTGGCGTGACCACGTCATATCAGGCGGTCTGATAAGGCGATGACGCCGCATCCGACAAACGCACACTATGCTTGATGTGTGGCAGCAAAAGCCCTAAATCCCGCCTGTTTTGCCCCTTACTCAAACCATTGAACGCTTTGCGCTCTGGCATCATTCACGCTTAATACTCTTTCGAGGATTGGCGACGTGTCTGACGAGAGCGACGACAAAACAGAAGCCCCCACACCTCACCGACTA,1,TTGTTGGATAGTCTTGGATTTTGATTTGTATTGCCTGA-----TGTGGCGTGACCGCGTCATATCAG-------------------GCGATGACGCCGCATCCGACAAACGC-ACACCATGCTTGATGTGT-GCAGCAAAAGCCCTAAATCCCGCCTGTTTTGCCCCTTACTCAGACCATTGAACGCTTTGCGCTCTGGCATCATTCACGCTTAATACTCTTTCC-AGGATTGGCGACGTGTCTGACGAGAGCGACGACAAAACAGAAGCCCCCACACCCCACCGAC-T,20
