,seq,count,seq_align,dist
0,AGCTTAACTGCTTCTTTCTACAGAACAAAATCATGCTCATTTTTTAGACTTAAACGAGTGCAAAAAAATGTAAATTGGTAAAATTTCACACCCGCATAAGTTGATGTAAAACAATAAAATCCATTTGCGACCATACTTGATGTGTGGTTTTTATTGATTTAAATCAAAGATTCAAGGGTGTTTGAGGAGTATATATACACTCAAGCAACAATGGTTTTACCAATTGGCCGCGACAGGCTGAACAAATCAAATAATTTTGCCGGGGAGGCATCACATGATTACAGGTATCCAGATTACTAAAGCCGCTAACGACGATCTGCTGAAC,536,AGCTTAACTGCTTCTTTCTACAGAACAAAATCATGCTCATTT-TTTAGACTTAAACGA-GTGCAAAAAAATGTAAATTGGTAAAATTTCACACCCGCATAAGTTGATGTAAAACAATAAAATCCATTTGCGACCATACTTGATGTGTGGTT-TTTATTGATTTAAATCAAAGATTCAAGGGTGTTTGAGGAGTATATATACACTCAAGCAACAATGGTTTTACCAATTGGCCGCGACAGGCTGAACAAATCAAATA-ATTTTGCCGGGGAGGCATCACATGATTACAGGTATCCAGATTACTAAAGCCGCTAACGACGATCTGCTGAAC,0
1,AGCTTAACTGCTTCTTTCTACAGAACAAAATCATGCTCATTTTTTAGACTTAAACGAGTGCAAAAAAATGTAAATTGGTAAAATTTCACACCCGCATAAGTTGATGTAAAACAATAAAATCCATTTACGACCACAATCGATGTGTGGTTTTTATTGATTTAAATCAAAGAATCAAGGGTGGTTGAGGAGTATATATACACTCAAGCAACAATGGTTTTACCAATTGGCCGCGACAGGCTGAACAAATCAAATAATTTTGCCGGGGAGGCATCACATGATTACAGGTATCCAGATTACTAAAGCCGCTAACGACGATCTGCTGAAC,405,AGCTTAACTGCTTCTTTCTACAGAACAAAATCATGCTCATTT-TTTAGACTTAAACGA-GTGCAAAAAAATGTAAATTGGTAAAATTTCACACCCGCATAAGTTGATGTAAAACAATAAAATCCATTTGCGACCACACTTGATGTGTGGTT-TTTATTGATTTAAATCAAAGATTCAAGGGTGTTTGAGGAGTATATATACACTCAAGCAACAATGGTTTTACCAATTGGCCGCGACAGGCTGAACAAATCAAATA-ATTTTGCCGGGGAGGCATCACATGATTACAGGTATCCAGATTACTAAAGCCGCTAACGACGATCTGCTGAAC,1
2,AGCTTAACTGCTTCTTTCTACAGAACAAAATCATGCTCATTTTTTAGACTTAAACGAGTGCAAAAAAATGTAAATTGGTAAAATTTCACACCCGCATAAGTTGATGTAAAACAATAAAATCTATTTGCGACCACACTTGATGTGTGGTTTTTATTGATTTAAATCAAAGATTCAAGGGTGTTTGAGGAGTATATATACACTCAAGCAACAATGGTTTTACCAATTGGCCGCGACAGGCTGAACAAATCAAATAATTTTGCCGGGGAGGCATCACATGATTACAGGTATCCAGATTACTAAAGCCGCTAACGACGATCTGCTGAAC,211,AGCTTAACTGCTTCTTTCTACAGAACAAAATTAAGCTCATTT-TTTAGACATAATCGA-ATGCAAAAAAATGTAAATTGGTAAAATCACATACCCGTATAAGTTGATGTAAAACAATAAAATCCATTCTTGATAATGTTTGATGTGTGGTT-TTTATTGATTCAAATCAAAGAATCAGGGGTGTTTGAAGAGTATATATACACTCAAGCAACAATGGTTTTACCAATTGGCCGCGACAGGCTGAACGAATCAAATA-ATTTTGCCGGGGAGGCATCACATGATTACAGGTATCCAGATTACTAAAGCCGCTAACGACGATCTGCTGAAC,21
3,AGCTTAACTGCTTCTTTCTACAGAACAAAATCATGCTCATTTTTTAGACTTAAACGAGTGCAAAAAAATGTAAATTGGTAAAATTTCACACCTGCATAAGTTGATGTAAAACAATAAAATCCATTTGCAACCATACTTGATGTGTGGTTTTTATTGATTTAAATCAAAGATTCAAGGGTGTTTGAGGAGTATATATACACTCAAGCAACAATGGTTTTACCAATTGGCCGCGACAGGCTGAACAAATCAAATAATTTTGCCGGGGAGGCATCACATGATTACAGGTATCCAGATTACTAAAGCCGCTAACGACGATCTGCTGAAC,186,AGCTTAACTGCTTCTTTCTACAGAACAAAATCATGCTCATTT-TTTAGACTTAAACGA-GTGCAAAAAAATGTAAATTGGTAAAATTTCACACCCGCATAAGTTGATGTAAAACAATAAAATCCATTTGCGACCACAATCGATGTGTGATT-TTTATTGATTTAAATCAAAGAATAAAGGGTGTTTGAGGAGTATATATACACTCAAGCAACAATGGTTTTACCAATTGGCCGCGACAGGCTGAACAAATCAAATA-ATTTTGCCGGGGAGGCATCACATGATTACAGGTATCCAGATTACTAAAGCCGCTAACGACGATCTGCTGAAC,6
4,AGCTTAACTGCTTATTTCTACAGAACAAAATCATGCTCATTTTTTAGACTTAAACGAGTGCAAAAAAATGTAAATTGGTAAAATTTCACACCCGCATAAGTTGATGTAAAACAATAAAATCCATTTGCGACCACAATCGATGTGTGGTTTTTATTGATTTAAATCAAGGAATCAAGGGTTGTTGAGGAGTATATATACACTCAAGCAACAATGGTTTTACCAATTGGCCGCGACAGGCTGAATAAATCAAATAATTTTGCCGGGGAGGCATCACATGATTACAGGTATCCAGATTACTAAAGCCGCTAACGACGATCTGCTGAAC,172,AGCTTAACTGCTTCTTTCTACAGAACAAAATCATGCTCATTT-TATAGACAAAGAGAC-ATGCAAAAAAATGTAAATTGGTAAAATTTCACACCTGCATAAGTTGATGTAAAACAATAAAATCCATTTGTGACCACATTCGATATGTGGTT-TTTATTGATTTAAATCAAAGAATCAAGGGTGTTTGAGGAGTATATATACACTCAAGCAACAATGGTTTTACCAATTGGCCGCGACAGGCTGAACAAATCAAATA-ATTTTGCCGGGGAGGCATCACATGATTACAGGTATCCAGATTACTAAAGCCGCTAATGACGATCTGCTGAAC,16
5,AGCTTAACTGCTTCTTTCTACAGAACAAAATCATGCTCATTTTATAGACAAAAAGACATGCAAAAAAATGTAAATTGGTAAAATTTCACATCTGCATAAGTTGATGTAAAACAATAAAATCCATTTGTGACCACACTTGATATGTGGTTTTTATTGATTTAAATCAAAGAATCAAGGGTGTTTGAGGAGTATATATACACTCAAGCAACAATGGTTTTACCAATTGGCCGCGACAGGCTGAACAAATCAAATAATTTTGCCGGGGAGGCATCACATGATTACAGGTATCCAGATTACTAAAGCCGCTAACGACGATCTGCTGAAC,144,AGCTTAACTGCTTCTTTCTACAGAACAAAATCATGCTCATTT-TTTAGACTTAAACGA-GTGCAAAAAAATGTAAATTGGTAAAATTTCACACCCGCATAAGTTGATGTAAAACAATAAAATCCATTTGCGACCACACTTGATGCGTGGTT-TTTATTGATTTAAATCAAAGATTCAAGGGTGTTTGAGGAGTATATATACACTCAAGCAACAATGGTTTTACCAATTGGCCGCGACAGGCTGAACAAATCAAATA-ATTTTGCCGGGGAGGCATCACATGATTACAGGTATCCAGATTACTAAAGCCGCTAACGACGATCTGCTGAAC,2
6,AGCTTAACTGCTTCTTTCTACAGAACAAAATCATGCTCATTTTTTAGACTTAAACGAGTGCAAAAAAATGTAAATTGGTAAAATTTCACACCTGCATAAGTTGATGTAAAACAATAAAATCCATTTGCGACCATACTTGATGTGTGGTTTTTATTGATTTAAATCAAAGATTCAAGGGTGTTTGAGGAGTATATATACACTCAAGCAACAATGGTTTTACCAATTGGCCGCGACAGGCTGAACAAATCAAATAATTTTGCCGGGGAGGCATCACATGATTACAGGTATCCAGATTACTAAAGCCGCTAACGACGATCTGCTGAAC,86,AGCTTAACTGCTTCTTTCTACAGAACAAAATCATGCTCATTT-TATAGACAAAAAGAC-ATGCAAAAAAATGTAAATTGGTAAAATTTCACACCTGCATAAGTTGATGTAAAACAATAAAATCCATTTGTGACCACATTCGATATGTGTTT--TTATTGATTTAAATCAAAGAATCAAGGGTGTTTGAGGAGTATATATACACTCAAGCAACAATGGTTTTACCAATTGGCCGCGACAGGCTGAACAAATCAAATA-ATTTTGCCGGGGAGGCATCACATGATTACAGGTATCCAGATTACTAAAGCCGCTAATGACGATCTGCTGAAC,17
7,AGCTTAACTGCTTCTTTCTACAGAACAAAATCATGCTCATTTTATAGACAAAAAGACATGCAAAAAAATGTAAATTGGTAAAATTTCACATCTGCATAAGTTGATGTAAAACAATAAAATCCATTTGTGACCACACTTGATATGTGGTTTTTGTTGATTTAAATCAAAGAATCAAGGGTGTTTGAGGAGTATATATACACTCAAGCAACAATGGTTTTACCAATTGGCCGCGACAGGCTGAACAAATCAAATAATTTTGCCGGGGAGGCATCACATGATTACAGGTATCCAGATTACTAAAGCCGCTAACGACGATCTGCTGAAC,53,AGCTTAACTGCTTATTTCTACAGAACAAAATCATGCTCATTT-TTTAGACTTAAACGA-GTGCAAAAAAATGTAAATTGGTATAATTTCACACCCGCATAAGTTGATGTAAAACAATAAAATCCATTTGCGACCACAATCGATGTGTGGTT-TTTATTGATTTAAATCAAGGAATCAAGGGTTGTTGAGGAGTATATATACACTCAAGCAACAATGGTTTTACCAATTGGCCGCGACAGGCTGAATAAATCAAATA-ATTTTGCCGGGGAGGCATCACATGATTACAGGTATCCAGATTACTAAAGCCGCTAACGACGATCTGCTGAAC,10
8,AGCTTAACTGCTTCTTTCTACAGAACAAAATCATGCTCATTTTATAGACAAAAAGACATGCAAAAAAATGTAAATTGGTAAAATTTCACATCTGCATAAGTTGATGTAAAACAATAAAATCCATTTGTGACCACACTTGATATATGGTTTTTATTGATTTAAATCAAAGAATCAAGGGTGTTTGAGGAGTATATATACACTCAAGCAACAATGGTTTTACCAATTGGCCGCGACAGGCTGAACAAATCAAATAATTTTGCCGGGGAGGCATCACATGATTACAGGTATCCAGATTACTAAAGCCGCTAACGACGATCTGCTGAAC,41,AGCTTAACTGCTTCTTTCTACAGAACAAAATCATGCTCATTT-TTTAGACTTAAACGA-GTGCAAA-AAATGTAAATTGGTAAAATTTCACACCCGCATAAGTTGATGTAAAACAATAAAATCCATTTGCGACCATACTTGATGTGTGGTT-TTTATTGATTTAAATCAAAGATTCAAGGGTGTTTGAGGAGTATATATACACTCAAGCAACAATGGTTTTACCAATTGGCCGCGACAGGCTGAACAAATCAAATA-ATTTTGCCGGGGAGGCATCACATGATTACAGGTATCCAGATTACTAAAGCCGCTAACGACGATCTGCTGAAC,1
9,AGCTTAACTGCTTCTTTCTACAGAACAAAATCATGCTCATTTTTTAGACTTAAACGAGTGCAAAAAAATGTAAATTGGTAAAATTTCACACCCGCATAAGTTGATGTAAAACAATAAAATCCATTTGCGACCACACTTGATGTGTGGTTTTTATTGATTTAAATCAAAGATTCAAGGGTGTTTGAGGAGTATATATACACTCAAGCAACAATGGTTTTACCAATTGGCCGCGACAGGCTGAACAAATCAAATAATTTTGCCGGGGAGGCATCACATGATTACAGGTATCCAGATTACTAAAGCCGCTAACGACGATCTGCTGAAC,24,AGCTTAACTGCTTCTTTCTACAGAACAAAATCATGCTCATTT-TTTAGACTTAAACGA-GTGCAAAAAAATGTAAATTGGTAAAATTTCACACCTGCACAAGTTGATGTAAAACAATAAAATCCATTTGCGACCATACTTGATGTGTGGTT-TTTATTGATTTAAATCAAAGATTCAAGGGTGTTTGAGGAGTATATATACACTCAAGCAACAATGGTTTTACCAATTGGCCGCGACAGGCTGAACAAATCAAATA-ATTTTGCCGGGGAGGCATCACATGATTACAGGTATCCAGATTACTAAAGCCGCTAACGACGATCTGCTGAAC,2
10,AGCTTAACTGCTTCTTTCTACAGAACAAAATCATGCTCATTTTATAGACAAAAAGACATGCAAAAAAATGTAAATTGGTAAAATTTCACACCTGCATAAGTTGATGTAAAACAATAAAATCCATTTGTGACCACATTCGATATGTGGTTTTTATTGATTTAAATCAAAGAATCAAGGGTGTTTGAGGAGTATATATACACTCAAGCAACAATGGTTTTACCAATTGGCCGCGACAGGCTGAACAAATCAAATAATTTTGCCGGGGAGGCATCACATGATTACAGGTATCCAGATTACTAAAGCCGCTAATGACGATCTGCTGAAC,24,AGCTTAACTGCTTCTTTCTACAGAACAAAATCATGCTCATTT-TTTAGCCATAAACGA-GTGCAAAAAAGTGTAAATTGGTAAAATTTCACGCTCGCATAAGTTGATGTAAAACAATAAAATCCATTTCCGACCATATTTGATGTGTGGTT-TTTATTGATTTAAATCAAAGAATCAAGGGTGTTTGAGGAGTATATATACACTCAAGCAACAATGGTTTTACCAATTGGCCGCGACAGGCTAATCAAATCAAATA-AT-TTGCCGGGGAGGCATCACATGATTACAGGTATCCAGATTACTAAAGCCGCTAATGACGATCTGCTGAAC,12
11,AGCTTAACTGCTTCTTTCTACAGAACAAAATCATGCTCATTTTTTAGACTTAAACGAGTGAAAAAAAATGTAAATTGGTAAAATTTCATACCCGCATAAGTTGATGTAAAACAATAAAATCCATTTGCGACCATACTTGATGTGTGGTTTTTATTGATTTAAATCAAAGATTCAAGGGTGTTTGAGGAGTATATATACACTCAAGCAACAATGGTTTTACCAATTGGCCGCGACAGGCTGAACAAATCAAATAATTTTGCCGGGGAGGCATCACATGATTACAGGTATCCAGATTACTAAAGCCGCTAACGACGATCTGCTGAAC,22,AGCTTAACTGCTTCTTTCTACAGAACAAAATCATGCTCATTT-TTTAGACTTAAACGA-GTGCAAAAAAATGTAAATTGGTAAAATTTCACACCCGCATAAGTTGATGTAAAACAATAAAATCCATTTACGACCACAATCTATGTGTGGTT-TTTATTGATTTAAATCAAAGAATCAAGGGTGGTTGAGGAGTATATATACACTCAAGCAACAATGGTTTTACCAATTGGCCGCGACAGGCTGAACAAATCAAATA-ATTTTGCCGGGGAGGCATCACATGATTACAGGTATCCAGATTACTAAAGCCGCTAACGACGATCTGCTGAAC,7
12,AGCTTAACTGCTTCTTTCTACAGAACAAAACCAGGCTCGCTTTTTAGCCAAAAACACGTGAAAAAAAATGTAAATTGGTAAAATTTCACACCTGCATAAGTTGATGTAAAACAATAAAATCCATTTACGACCATACTTGATGTGTGGTTTTTATTGATTTAAATCAAAGAATCAAGGGTGTTTGAGGAGTATATATACACTCAAGCAACAATGGTTTTACCAATTGGCCGCGACAGGCTGATCAAATCAAATAAATTTTGCCGGGGAGGCATCACATGATTACAGGTATCCAGATTACTAAAGCCGCTAACGACGATCTGCTGAAC,21,AGCTTAACTGCTTCTTTCTACAGAACAAAATCATGCTCATTT-TATAGACAAAAAGAC-ATGCAAAAAAATGTAAATTGGTAAAATTTCACACCTGCATAAGTTGATGTAAAACAATAAAATCCATTTGTGACCACATTCGATATGTGGTT-TTTATTGATTTAAATCAAAGAATCAAGGGTGTTTGAGGAGTATATATACACTCAAGCAACAATGGTTTTACCAATTGGCCGCGACAGGCTGAACAAATCAAATA-ATTTTGCCGGGGAGGCATCACATGATTACAGGTATCCAGATTACTAAAGCCGCTAATGACGATCTGCTGAAC,15
13,AGCTTAACTGCTTCTTTCTACAGAACAAAATCATGCTCATTTTTTAGACTTAAACGAGTGCAAAAAAATGTAAATTGGTAAAATTTCACACCTGCATAAGTTGATGTAAAACAATAAAATCCATTTGCAACCATACTTGATGTGTGGTTTTTGTTGATTTAAATCAAAGATTCAAGGGTGTTTGAGGAGTATATATACACTCAAGCAACAATGGTTTTACCAATTGGCCGCGACAGGCTGAACAAATCAAATAATTTTGCCGGGGAGGCATCACATGATTACAGGTATCCAGATTACTAAAGCCGCTAATGACGATCTGCTGAAC,20,AGCTTAACTGCTTCTTTCTACAGAACAAAATCATGCTCATTT-TTTAGACTTAAACGA-GTGCAAAAAAATGTAAATTGGTAAAATTTCACACCCGCATAAGTTGATGTAAAACAATAAAATCCATTTGCGACCACACTTGATGTGTGGTT-TTTATTGATTTAAATCAAAGAATCAAGGGTGTTTGAGGAGTATATATACACTCAAGCAACAATGGTTTTACCAATTGGCCGCGACAGGCTGAACAAATCAAATA-ATTTTGCCGGGGAGGCATCACATGATTACAGGTATCCAGATTACTAAAGCCGCTAACGACGATCTGCTGAAC,2
14,AGCTTAACTGCTTCTTTCTACAGAACAAAATCATGTTCATTTTATAGACAAAAAGACATGCAAAAAAATGTAAATTGGTAAAATTTCACATCTGCATAAGTTGATGTAAAACAATAAAATCCATTTGTGACCACACTTGATATATGGTTTTTGTTGATTTAAATCAAAGAATCAAGGGTGTTTGAGGAGTATATATACACTCAAGCAACAATGGTTTTACCAATTGGCCGCGACAGGCTGAACAAATCAAATAATTTTGCCGGGGAGGCATCACATGATTACAGGTATCCAGATTACTAAAGCCGCTAACGACGATCTGCTGAAC,19,---------------------------AAATCATGCTCATTT-TTTAGACTTAAACGA-GTGCAAAAAAATGTAAATTGGTAAAATTTCACACCCGCATAAGTTGATGTAAAACAATAAAATCCATTTGCGACCATACTTGATGTGTGGTT-TTTATTGATTTAAATCAAAGATTCAAGGGTGTTTGAGGAGTATATATACACTCAAGCAACAATGGTTTTACCAATTGGCCGCGACAGGCTGAACAAATCAAATA-ATTTTGCCGGGGAGGCATCACATGATTACAGGTATCCAGATTACTAAAGCCGCTAACGACGATCTGCTGAAC,27
15,AGCTTAACTGCTTCTTTCTACAGAACAAAATCATGCTCATTTTTTAGACTTAAACGAGTGCAAAAAAATGTAAATTGGTAAAATTTCACACCTGCATAAGTTGATGTAAAACAATAAAATCCATTTGTGACCACACTTGATATGTGGTTTTTGTTGATTTAAATCAAAGAATCAAGGGTGTTTGAGGAGTATATATACACTCAAGCAACAATGGTTTTACCAATTGGCCGCGACAGGCTGAACAAATCAAATAATTTTGCCGGGGAGGCATCACATGATTACAGGTATCCAGATTACTAAAGCCGCTAACGACGATCTGCTGAAC,19,AGCTTAACTGCTTCTTTCTACAGAACAAAATCATGCTCATTT-TTTAGACTTAAACGA-GTGCAAAAAAAGGTAAATTGGTAAAAATTTACACCCGCATAAGTTGATGTAAAACAATAAAATCCATTTACGACCACAATCGATGTGTGGTT-TTTATTGATTTAAATCAAAGAATCAAGGGTGGTTGAGGAGTATATATACACTCAAGCAACAATGGTTTTACCAATTGGCCGCGACAGGCTGAACAAATCAAATA-ATTTTGCCGGGGAGGCATCACATGATTACAGGTATCCAGATTACTAAAGCCGCTAACGACGATCTGCTGAAC,9
16,AGCTTAACTGCTTCTTTCTACAGAACAAAATCATGCTCATTTTTTAGACTTAAACGAGTGCAAAAAAATGTAAATTGGTAAAATTTCACACCCGCATAAGTTGATGTAAAACAATAAAATCCATTTACGACCACAATCGATGTGTGGTTTTTATTGATTTAAATCAAGGAATCAAGGGTTGTTGAGGAGTATATATACACTCAAGCAACAATGGTTTTACCAATTGGCCGCGACAGGCTGAATAAATCAAATAATTTTGCCGGGGAGGCATCACATGATTACAGGTATCCAGATTACTAAAGCCGCTAACGACGATCTGCTGAAC,19,AGCTTAACTGCTTCTTTCTACAGAACAAAATCATGCTCATTT-TTTAGACTTAAACGA-GTGCAAAAAAATGTAAATTGGTAAAATTTCGCACCCGCATAAGTTGATGTAAAACAATAAAATCCATTTGCGACCATACTTGATGTGTGGTT-TTTATTGATTTAAATCAAAGATTCAAGGGTGTTTGAGGAGTATATATACACTCAAGCAACAATGGTTTTACCAATTGGCCGCGACAGGCTGAACAAATCAAATA-ATTTTGCCGGGGAGGCATCACATGATTACAGGTATCCAGATTACTAAAGCCGCTAACGACGATCTGCTGAAC,1
17,AGCTTAACTGCTTCTTTCTACAGAACAAAATCATGCTCATTTTTTAGACTTAAACGAGTGCAAAAAAATGTAAATTGGTAAAATTTCACACCCGCATAAGTTGATGTAAAACAATAAAATCCATTTACGACCACAATCGATGCGTGGTTTTTATTGATTTAAATCAAAGAATCAAGGGTGGTTGAGGAGTATATATACACTCAAGCAACAATGGTTTTACCAATTGGCCGCGACAGGCTGAACAAATCAAATAATTTTGCCGGGGAGGCATCACATGATTACAGGTATCCAGATTACTAAAGCCGCTAACGACGATCTGCTGAAC,18,AGCTTAACTGCTTCTTTCTACAGAACAAAATCAAGCTCATTT-TTTAGACATAATCGA-GTGCAAAAAAATGTAAATTGGTAAAATTTCACACCCGCATAAGTTGATGTAAAACAATAAAATCTATTTGCGACCACGCTTGCTGTGTGGTT-TTTATTGATTTAAATCAAAGAATCAAGGGTGTTTGAGGAGTATATATACACTCAAGCAACAATGGTTTTACCAATTGGCCGCGACAGGCTGA-CAAATCAAATA-ATTTTGCCGGGGAGGCATCACATGATTACAGGTATCCAGATTACTAAAGCCGCTAATGACGATCTGCTGAAC,10
18,AGCTTAACTGCTTCTTTCTACAGAACAAAATCATGCTCATTTTTTAGACTTAAACGAGTGCAAAAAATGTAAATTGGTAAAATTTCACACCCGCATAAGTTGATGTAAAACAATAAAATCCATTTACGACCACAATCGATGTGTGGTTTTTATTGATTTAAATCAAAGAATCAAGGGTGGTTGAGGAGTATATATACACTCAAGCAACAATGGTTTTACCAATTGGCCGCGACAGGCTGAACAAATCAAATAATTTTGCCGGGGAGGCATCACATGATTACAGGTATCCAGATTACTAAAGCCGCTAACGACGATCTGCTGAAC,15,AGCTTAACTGCTTCTTTCTACAGAACAAAATCATGCTCATTT-TATAGACAAAAAGAC-ATGCAAAAAAATGTAAATTGGTAAAATTTCACACCTGCATAAGTTGATGTAAAACAATAAAATCCATTTGTGACCACATTCGATATGTGGTT-TTTATTGATTTAAATCAAGGAATCAAGGGTGTTTGAGGAGTATATATACACTCAAGCAACAATGGTTTTACCAATTGGCCGCGACAGGCTGAACAAATCAAATA-ATTTTGCCGGGGAGGCATCACATGATTACAGGTATCCAGATTACTAAAGCCGCTAATGACGATCTGCTGAAC,16
19,AGCTTAACTGCTTCTTTCTACAGAACAAAATCATGCTCATTTTTTAGACTTAAACGAGTGCAAAAAAATGTAAATTGGTAAAATTTCACACCTGCATAAGTTGATGTAAAACAATAAAATCCATTTGTGACCACATTCGATATGTGGTTTCTATTGATTTAAATCAAAGAATCAAGGGTGTTTGAGGAGTATATATACACTCAAGCAACAATGGTTTTACCAATTGGCCGCGACAGGCTGAACAAATCAAATAATTTTGCCGGGGAGGCATCACATGATTACAGGTATCCAGATTACTAAAGCCGCTAACGACGATCTGCTGAAC,14,AGCTTAACTGCTTCTTTCTACAGAACAAAATTATGCTCATTT-TTTAGACTTAAACGA-GTGCAAAAAAATGTAAATTGGTAAAATTTCACACCCGCATAAGTTGATGTAAAACAATAAAATCCATTTGCGACCATACTTGATGTGTGGTT-TTTATTGATTTAAATCAAAGATTCAAGGGTGTTTGAGGAGTATATATACACTCAAGCAACAATGGTTTTACCAATTGGCCGCGACAGGCTGAACAAATCAAATA-ATTTTGCCGGGGAGGCATCACATGATTACAGGTATCCAGATTACTAAAGCCGCTAACGACGATCTGCTGAAC,1
20,AGCTTAACTGCTTATTTCTACAGAACAAAATCATGCTCATTTTTTAGACTTAAACGAGTGCAAAAAAATGTAAATTGGTAAAATTTCACACCCGCATAAGTTGATGTAAAACAATAAAATCCATTTGCGACCATACTTGATGTGTGGTTTTTATTGATTTAAATCAAAGATTCAAGGGTGTTTGAGGAGTATATATACACTCAAGCAACAATGGTTTTACCAATTGGCCGCGACAGGCTGAACAAATCAAATAATTTTGCCGGGGAGGCATCACATGATTACAGGTATCCAGATTACTAAAGCCGCTAACGACGATCTGCTGAAC,14,AGCTTAACTGCTTCTTTCTACAGAACAAAATCATGCTCATTT-TATAGACAAAAAGAC-ATGCAAAAAAATGTAAATTGGTAAAATTTCATATCTGCATAAGTTGATGTAAAACAATAAAATCCATTTGTGACCACACTTGATATGTGGTT-TTTGTTGATTTAAATCAAAGAATCAAGGGTGTTTGAGGAGTATATATACACTCAAGCAACAATGGTTTTACCAATTGGCCGCGACAGGCTGAACAAATCAAATA-ATTTTGCCGGGGAGGCATCACATGATTACAGGTATCCAGATTACTAAAGCCGCTAACGACGATCTGCTGAAC,15
21,AGCTTAACTGCTTCTTTCTACAGAACAAAATTAAGCTCATTTTTTAGACATAATCGAATGCAAAAAAATGTAAATTGGTAAAATCACATACCCGCATAAGTTGATGTAAAACAATAAAATCCATTCTCGATAATGTTTGATGTGTTGTTTTTATTGATTTAAATCAAAGAATCAGGGGTGTTTGAAGAGTATATATACACTCAAGCAACAATGGTTTTACCAATTGGCCGCGACAGGCTGAACGAATCAAATAATTTTGCCGGGGAGGCATCACATGATTACAGGTATCCAGATTACTAAAGCCGCTAACGACGATCTGCTGAAC,13,AGCTTAACTGCTTCTTTCTACAGAACAAAATCATGCTCATTT-TTTAGACTTAAACGA-GTGCAAAAAAATGTAAATTGGTAAAATTTCACACCCGCATAAGTTGATGTAAAACAATAAAATCCATTTGCGACCATACTTGATGTGTGGTT-TTTATTGATTTAAATCAAAGATTAAAGGGTGTTTGAGGAGTATATATACACTCAAGCAACAATGGTTTTACCAATTGGCCGCGACAGGCTGAACAAATCAAATA-ATTTTGCCGGGGAGGCATCACATGATTACAGGTATCCAGATTACTAAAGCCGCTAACGACGATCTGCTGAAC,1
22,AGCTTAACTGCTTCTTTCTACAGAACAAAATCATGCTCATTTTTTAGACTTAAACGAGTGCAAAAAAATGTAAATTGGTAAAATTTCACACCCGCATAAGTTGATGTAAAACAATAAAATCCATTTACGACCACAATTGATGTGTGGTTTTTATTGATTAAAATCAAAGAATCAAGGGTGGTTGAGGAGTATATATACACTCAAGCAACAATGGTTTTACCAATTGGCCGCGACAGGCTGAACAAATCAAATAATTTTGCCGGGGAGGCATCACATGATTACAGGTATCCAGATTACTAAAGCCGCTAACGACGATCTGCTGAAC,10,AGCTTAACTGCTTCTTTCTACAGAACAAAATCATGCTCATTT-TTTAGACTTAAACGA-GTGCAAAAAAATGTAAATTGGTAAAATTTCACACCTGCATAAGTTGATGTAAAACAATAAAATCCATTTGCAACCATACTTGATGTGTGGTT-TTTATTGATTTAAATCAAAGATTCAAGGGTGTTTGAGGAGTATATATACACTCAAGCAACAATGGTTTTACCAATTGGCCGCGACAGGCTGAACAAATCAAATA-ATTTTGCCG-GGAGGCATCACATGATTACAGGTATCCAGATTACTAAAGCCGCTAACGACGATCTGCTGAAC,3
23,AGCTTAACTGCTTCTTTCTACAGAACAAAATCATGCTCATTTTTTAGACTTAAACGAGTGCAAAAAAATGTAAATTGGTAAAATTTCACACCCGCATAAGTTGATGTAAAACAATAAAATCCATTTGTGACCACAATCGATGTGTGGTTTTTATTGATTTAAATCAAAGAATCAAGGGTGGTTGAGGAGTATATATACACTCAAGCAACAATGGTTTTACCAATTGGCCGCGACAGGCTGAACAAATCAAATAATTTTGCCGGGGAGGCATCACATGATTACAGGTATCCAGATTACTAAAGCCGCTAACGACGATCTGCTGAAC,9,AGCTTAACTGCTTCTTTCTACAGAACAAAATCATGCTCATTT-TTTAGACTTAAACGA-GTGAAAAAAAATGTAAATTGGTAAAATTTCATACCCGCATAAGTTGATGTAAAACAATAAAATCCATTTGCGACCATACTTGATGTGTGGTT-TTTATTGATTTAAATCAAAGATTCAAGGGTGTTTGAGGAGTATATATACACTCAAGCAACAATGGTTTTACCAATTGGCCGCGACAGGCTGAACAAATCAAATA-ATTTTGCCGGGGAGGCATCACATGATTACAGGTATCCAGATTACTAAAGCCGCTAACGACGATCTGCTGAAC,2
24,AGCTTAACTGCTTCTTTCTACAGAACAAAATCATGTTCATTTTATAGACAAAAAGACATGCAAAAAAATGTAAATTGGTAAAATTTCACATCTGCATAAGTTGATGTAAAACAATAAAATCCATTTGTGACCACACTTGATATATGGTTTTTATTGATTTAAATCAAAGAATCAAGGGTGTTTGAGGAGTATATATACACTCAAGCAACAATGGTTTTACCAATTGGCCGCGACAGGCTGAACAAATCAAATAATTTTGCCGGGGAGGCATCACATGATTACAGGTATCCAGATTACTAAAGCCGCTAACGACGATCTGCTGAAC,9,AGCTTAACTGCTTCTTTCTACAGAACAAAATTAAGCTCATTT-TTTAGACATAATCGA-ATGCAAAAAAATGTAAATTGGTAAAATCACATACCCGTATAAGTTGATGTAAAACAATAAAATCCATTCTCGATAATGTTTGATGTGTGGTT-TTTATTGATTTAAATCAAAGAATCAGGGATGTTTGAAGAGTATATATACACTCAAGCAACAATGGTTTTACCAATTAGCCGCGACAGGCTGAACGAATCAAATA-ATTTTGCCGGGGAGGCATCACATGATTACAGGTATCCAGATTACTAAGGCCGCTAACGACGATCTGCTGA-A,24
25,AGCTTAACTGCTTCTTTCTACAGAACAAAATCATGCTCATTTTATAGACAAAAAGACATGCAAAAAAATGTAAATTGGTAAAATTTCACACCTGCATAAGTTGATGTAAAACAATAAAATCCATTTGTGACCACATTCGATATGTGGTTTTTATTGATTTAAATCAAAGAATCAAGGGTGTTTGAGGAGTATATATACACTCAAGCAACAATGGTTTTACCAATTGGCCGCGACAGGCTGAACAAATCAAATAATTTTGCCGGGGAGGCATCACATGATTACAGGTATCCAGATTACTAAAGCCGCTAACGACGATCTGCTGAAC,8,AGCTTAACTGCTTCTTTCTACAGAACAAAATCATGCTCATTT-TTTAGACTTAAACGA-GTGCAAAAAAATGTAAATTAGTAAAATTTCACACCCGCATAAGTTGATGTAAAACAATAAAATCCATTTACGACCACAATCGATGTGTGGTT-TTTATTGATTTAAATCAAAGAATCAAGGGTGGTTGAGGAGTATATATACACTCAAGCAACAATGGTTTTACCAATTGGCCGCGACAGGCTGAACAAATCAAATA-ATTTTGCCGGGGAGGCATCACATGATTACAGGTATCCAGATTACTAAAGCCGCTAACGACGATCTGCTGAAC,7
26,AGCTTAACTGCTTCTTTCTACAGAACAAAATCATGCTCATTTTTTAGACTTAAACGAGTGCAAAAAAATGTAAATTGGTAAAATTTCACACCTGTATAAGTTGATGTAAAACAATAAAATCCATTTGCGACCATACTTGATGTATGGTTTTTATTGATTTAAATCAAAGATTCAAGGGTGTTTGAGGAGTATATATACACTCAAGCAACAATGGTTTTACCAATTGGCCGCGACAGGCTGAACAAATCAAATAATTTTGCCGGGGAGGCATCACATGATTACAGGTATCCAGATTACTAAAGCCGCTAACGACGATCTGCTGAAC,7,AGCTTAACTGCTTCTTTCTACAGAACAAAATCATGCTCATTT-TTTAGACTTAAACGA-GTGTAAAAAAATGTAAATTGGTAAAATTTCACACCCGCATAAGTTGATGTAAAACAATAAAATCCATTTACGACCACAATCGATGTGTGGTT-TTTATTGATTTAAATCAAAGAATCAAGGGTGGTTGAGGAGTATATATACACTCAAGCAACAATGGTTTTACCAATTGGCCGCGACAGGCTGAACAAATCAAATA-ATTTTGCCGGGGAGGCATCACATGATTACAGGTATCCAGATTACTAAAGCCGCTAACGACGATCTGCTGAAC,7
27,AGCTTAACTGCTTCTTTCTATAGAACAAAATCATGCTCATTTTATAGACAAAAAGACATGCAAAAAAATGTAAATTGGTAAAATTTCACACCTGCATAAGTTGATGTAAAACAATAAAATCCATTTACGACCATACTTGATGTGTGGTTTTTTTTGATTTAAATCAAAGAATCAAGGGTGTTTGAGGAGTATATATACACTCAAGCAACAATGGTTTTACCAATTGGCCGCGACAGGCTGATCAAATCAAATAAATTTTGCCGGGGAGGCATCACATGATTACAGGTATCCAGATTACTAAAGCCGCTAACGACGATCTGCTGAAC,7,AGCTTAACTGCTTCTTTCTACAGAACAAAATCATGCTCATTT-TTTAGACTTAAACGA-GTGCAAAAAAATGTAAATTGGTAAAATTTCACACCCGCATAAGTTGATGTAAAACAATAAAATCCATTTACGACCACAATCGATGTGTGGTT-TTTATTGATTTAAATCAAAGAATCAAGGGTGGTTGAGGAGTATATATACACTCAAGCAACAATGGTTTTACCAATTGGCCGCGACAGGCTGAACAAATCAAATA-ATTTTGCCGGGGAGGCATCAAATGATTACAGGTATCCAGATTACTAAAGCCGCTAACGACGATCTGCTGAAC,7
28,AGCTTAACTGCTTCTTTCTACAGAACAAAATCATGCTCATTTTTTAGACTTAAACGAGTGCAAAAAAATGTAAATTGGTAAAATTTCACACCCGCATAAGTTGATGTAAAACAATAAAATCCATTTACGACCACAATTGATGTGTGGTTTTTATTGATTTAAATCAAAGAATCAAGGGTGGTTGAGGAGTATATATACACTCAAGCAACAATGGTTTTACCAATTGGCCGCGACAGGCTGAACAAATCAAATAATTTTGCCGGGGAGGCATCACATGATTACAGGTATCCAGATTACTAAAGCCGCTAACGACGATCTGCTGAAC,7,AGCTTAACTGCTTCTTTCTACAGAACAAAATCATGCTCATTT-TATAGACAAAAAAGACATGCAAAAAAATGTAAATTGGTAAAATTTCACATCTGCATAAGTTGATGTAAAACAATAAAATCCATTTGTGACCACACTTGATATGTGGTTTTTTATTGATTTAAATCAAAGAATCAAGGGTGTTTGAGGAGTATATATACACTCAAGCAACAATGGTTTTACCAATTGGCCGCGACAGGCTGAACAAATCAAATA-ATTTTGCCGGGGAGGCATCACATGATTACAGGTATCCAGATTACTAAAGCCGCTAACGACGATCTGCTGAAC,13
29,AGCTTAACTGCTTCTTTCTACAGAACAAAATTAAGCTCATTTTTTAGACATAATCGAATGCAAAAAAATGTAAATTGGTAAAATCACATACCCGTATAAGTTGATGTAAAACAATAAAATCCATTCTCGATAATGTTTGATGTGTTGTTTTTATTGATTTAAATCAAAGAATCAGGGGTGTTTGAAGAGTATATATACACTCAAGCAACAATGGTTTTACCAATTGGCCGCGACAGGCTGAACGAATCAAATAATTTTGCCGGGGAGGCATCACATGATTACAGGTATCCAGATTACTAAAGCCGCTAACGACGATCTGCTGAAC,7,AGCTTAACTGCTTCTTTCTACAGAACAAAATCAAGCTCATTT-TTTAGACATAATCGA-ATGCAAAAAAATGTAAATTGGTAAAATCACATACTCGCATAAGTTGATGTAAAACAATAAAATCCATTCTCGATAATGTTTGATGTGTGGTT-TTTATTGATTTAAATCAAAGAATCAGGGATGTTTGAAGAGTATATATACACTCAAGCAACAATGGTTTTACCAATTGGCCGCGACAGGCTGAACGAATCAAATA-ATTTTGCCGGGGAGGCATCACATGATTACAGGTATCCAGATTACTAAAGCCGCTAACGACGATCTGCTGAAC,19
30,AGCTTAACTGCTTCTTTCTACAGAACAAAATCATGCTCATTTTTTAGACTTAAACGAGTGCAAAAAAATGTAAATTGGTAAAATTTCACACCCGCATAAGTTGATGTAAAACAATAAAATCCATTTGCGACCACAATCGATGTGTGGTTTTTATTGATTTAAATCAAAGAATCAAGGGTGTTTGAGGAGTATATATACACTCAAGCAACAATGGTTTTACCAATTGGCCGCGACAGGCTGAACAAATCAAATAATTTTGCCGGGGAGGCATCACATGATTACAGGTATCCAGATTACTAAAGCCGCTAACGACGATCTGCTGAAC,6,AGCTTAACTGCTTCTTTCTACAGAACAAAATTAAGCTCATTT-TTTAGACATAATCGA-ATGCAAAAAAATGTAAATTGGTAAAATCACATACCCGTATAAGTTGATGTAAAACAATAAAATCCATTCTCGATAATGTTTGATGTGTTATT-TTTATTGATTTAAATCAAAGAATCAGGGGTGTTTGAAGAGTATATATACACTCAAGCAACAATGGTTTTACCAATTGGCCGCGACAGGCTGAACGAATCAAATA-ATTTTGCCGGGGAGGCATCACATGATTACAGGTATCCAGATTACTAAAGCCGCTAACGACGATCTGCTGAAC,21
31,AGCTTAACTGCTTCTTTCTACAGAACAAAATCATGCTCATTTTTTAGACTTAAACGAGTGCAAAAAAATGTAAATTGGTAAAATTTCACACCTGCATAAGTTGATGTAAAACAATAAAATCCATTTACGACCATACTTGATGTGTGGTTTTTATTGATTTAAATCAAAGATTCAAGGGTGTTTGAGGAGTATATATACACTCAAGCAACAATGGTTTTACCAATTGGCCGCGACAGGCTGAACAAATCAAATAATTTTGCCGGGGAGGCATCACATGATTACAGGTATCCAGATTACTAAAGCCGCTAACGACGATCTGCTGAAC,5,AGCTTAACTGCTTCTTTCTACAGAACAAAATCATGCTCATTT-TTTAGACTTAAACGA-GTGCAAAAAAATGTAAATTGGTAAAATTTCACACCCGCATAAGTTGATGTAAAACAATAAAATCCATTTACGATCACAATCGATGTGTGGTT-TTTATTGATTTAAATCAAAGAATCAAGGGTGGTTGAGGAGTATATATACACTCAAGCAACAATGGTTTTACCAATTGGCCGCGACAGGCTGAACAAATCAAATA-ATTTTGCCGGGGAGGCATCACATGATTACAGGTATCCAGATTACTAAAGCCGCTAACGACGATCTGCTGAAC,7
32,AGCTTAACTGCTTCTTTCTACAGAACAAAATCATGCTCATTTTTTAGACTTAAACGAGTGCAAAAAAATGTAAATTGGTAAAATTTCACACCCGCATAAGTTGATGTAAAACAATAAAATCCATTTACGACCACAATCGATGTGTGGTTTTTATTGATTTAAATCAAAGAATCAAGGGTGGTTGAGGAGTATATATACACTCAAGCAACAATGGTTTTACCAATTGGCCGAGACAGGCTGAACAAATCAAATAATTTTGCCGGGGAGGCATCACATGATTACAGGTATCCAGATTACTAAAGCCGCTAACGACGATCTGCTGAAC,5,AGCTTAACTGCTTCTTTCTACAGAACAAAATCATGCTCATTT-TTTAGACTTAAACGA-GTGCAAAAAAATGTAAATTGGTAAAATTTCACACCCGCATAAGTTGATGTAAAACAATAAAATCCATTTACGACCACAATCGATATGTGGTT-TTTATTGATTTAAATCAAAGAATCAAGGGTGGTTGAGGAGTATATATACACTCAAGCAACAATGGTTTTACCAATTGGCCGCGACAGGCTGAACAAATCAAATA-ATTTTGCCGGGGAGGCATCACATGATTACAGGTATCCAGATTACTAAAGCCGCTAACGACGATCTGCTGAAC,7
33,AGCTTAACTGCTTCTTTCTACAGAACAAAATTAAGCTCATTTTTTAGACATAATCGAATGCAAAAAAATGTAAATTGGTAAAATCACATACCCGTATAAGTTGATGTAAAACAATAAAATCCATTCTCGATAATGTTTGATGTGTGGTTTTTATTGATTTAAATCAAAGAATCAGGGGTGTTTGAAGAGTATATATACACTCAAGCAACAATGGTTTTACCAATTGGCCGCGACAGGCTGAACAAATCAAATAATTTTGCCGGGGAGGCATCACATGATTACAGGTATCCAGATTACTAAAGCCGCTAACGACGATCTGCTGAAC,5,AGCTTAACTGCTTCTTTCTACAGAACAAAATTAAGCTCATTT-TTTAGACATAATCGA-ATGCAAAAAAATGTAAATTGGTAAAATCACATACACGCATAAGTTGATGTAAAACAATAAAATCCATTCTCGATAATGTTTGATATGTTGTT-TTTATTGATTTAAATCAAAGAATCAGGGGTGTTTGAAGAGTATATATACACTCAAGCAACAATGGTTTTACCAATTGGCCGCGACAGGCTGAACGAATCAAATA-ATTTTGCCGGGGAGGCATCACATGATTACAGGTATCCAGATTACTAAAGCCGCTAACGACGATCTGCTGAAC,21
34,AGCTTAACTGCTTCTTTCTACAGAACAAAATCATGCTCATTTTTTAGACTTAAACGAGTGCAAAAAAATGTAAATTGGTAAAATTTCACACCTGCATAAGTTGATGTAAAACAATAAAATCCATTTGCGACCATACTTGATGTGTGGTTTTTGTTGATTTAAATCAAAGATTCAAGGGTGTTTGAGGAGTATATATACACTCAAGCAACAATGGTTTTACCAATTGGCCGCGACAGGCTGAACAAATCAAATAATTTTGCCGGGGAGGCATCACATGATTACAGGTATCCAGATTACTAAAGCCGCTAACGACGATCTGCTGAAC,5,AGCTTAACTGCTTCTTTCTACAGAACAAAACCAGGCTCGCTT-TTTAGCCAAAAACAC-GTGAAAAAAAATGTAAATTGGTAAAATTTCACACCTGCATAAGTTGATGTAAAACAATAAAATCCATTTACGACCATACTTGATGTGTGGTT-TTTATTGATTTAAATCAAAGAATCAAGGGTGTTTGAGGAGTATATATACACTCAAGCAACAATGGTTTTACCAATTGGCCGCGACAGGCTGATCAAATCAAATAAATTTTGCCGGGGAGGCATCACATGATTACAGGTATCCAGATTACTAAAGCCGCTAACGACGATCTGCTGAAC,15
35,AGCTTAACTGCTTCTTTCTACAGAACAAAATCATGCTCATTTTTTAGACTTAAACGAGTGCAAAAAAATGTAAATTGGTAAAATTTCACACCCGCATAAGTTGATGTAAAACAATATAATCCATTTACGACCACAATCGATGTGTGGTTTTTATTGATTTAAATCAAAGAATCAAGGGTGGTTGAGGAGTATATATACACTCAAGCAACAATGGTTTTACCAATTGGCCGCGACAGGCTGAACAAATCAAATAATTTTGCCGGGGAGGCATCACATGATTACAGGTATCCAGATTACTAAAGCCGCTAACGACGATCTGCTGAAC,4,AGCTTAACTGCTTCTTTCTACAGAACAAAATCATGCTCATTT-TTTAGACTTAAACGA-GTGCAAAAAAATGTAAATTGGTAAAATTTCACACCCGCATAAGTTGATGTAAAACAATAAAATCCATTTTCGACCATACTTGATGTGTGGTT-TTTATTGATTTAAATCAAAGATTCAAGGGTGTTTGAGGAGTATATATACACTCAAGCAACAATGGTTTTACCAATTGGCCGCGACAGGCTGAACAAATCAAATA-ATTTTGCCGGGGAGGCATCACATGATTACAGGTATCCAGATTACTAAAGCCGCTAACGACGATCTGCTGAAC,1
36,AGCTTAACTGCTTCTTTCTACAGAACAAAACCAGGCTCGCTTTTTAGCCAAAAACACGTGAAAAAAAATGTAAATTGGTAAAATTCCACACCCGCATAAGTTGATGTAAAACAATAAAATCCATTTACGACCATACTTGATGTGTGGTTTTTATTGATTTAAATCAAAGAATCAAGGGTGTTCGAGGAGTATATATACACTCAAGCAACAATGGTTTTACCAATTGGCCGCGACAGGCTGATCAAATCAAATAAATTTTGCCGGGGAGGCATCACATGATTACAGGTATCCAGATTACTAAAGCCGCTAACGACGATCTGCTGAAC,4,AGCTTAACTGCTTCTTTCTACAGAACAAAACCAGGCTCGCTT-TTTAGCCAAAAACAC-GTGAAAAAAAATGTAAATTGGTAAAATTTCACACCTGCATAGGTTGATGTAAAACAATAAAATCCATTTACGACCATACTTGATGTGTGGTT-TTCATTGATTTAAATCAAAGAATCAAGGGTGTTTGAGGAGTATATATACACTCAAGCAACAATGGTTTTACCAATTGGCCGCGACAGGCTGATCAAATCAAATAAATTTTGCCGGGGAGGCATCACATGATTACAGGTATCCAGATTACTAAAGCCGCTAACGACGATCTGCTGAAC,17
37,AGCTTAACTGCTTCTTTCTACAGAACAAAATCATGCTTATTTTTTAGACTTAAACGAGTGCAAAAAAATGTAAATTGGTAAAATTTCACACCCGCATAAGTTGATGTAAAACAATAAAATCCATTTGCGACCATACTTGATGTGTGGTTTTTATTGATTTAAATCAAAGATTCAAGGGTGTTTGAGGAGTATATATACACTCAAGCAACAATGGTTTTACCAATTGGCCGCGACAGGCTGAACAAATCAAATAATTTTGCCGGGGAGGCATCACATGATTACAGGTATCCAGATTACTAAAGCCGCTAACGACGATCTGCTGAAC,4,AGCTTAACTGCTTCTTTCTACAGAACAAAATCATGCTCATTT-TTTAGACTTAAACGA-GTGCAAAAAAATGTAAATTGGTAAAATTTCACACCCGCATAAGTTGATGTAAAACAATAAAATCCATTTGCGACCATACTTGATTTGTGGTT-TTTATTGATTTAAATCAAAGATTCAAGGGTGTTTGAGGAGTATATATACACTCAAGCAACAATGGTTTTACCAATTGGCCGCGACAGGCTGAACAAATCAAATA-ATTTTGCCGGGGAGGCATCACATGATTACAGGTATCCAGATTACTAAAGCCGCTAACGACGATCTGCTGAAC,1
38,AGCTTAACTGCTTATTTCTACAGAACAAAATCATGCTCATTTTTTAGACTTAAACGAGTGCAAAAAAATGTAAATTGGTAAAATTTCACACCCGCATAAGTTGATGTAAAACAATAAAATCCATTTGCGACCATACTTGATGTGTGGTTTTTATTGATTTAAATCAAAGATTCAAGGGTGTTTGAGGAGTATATACACTCAAGCAACAATGGTTTTACCAATTGGCCGCGACAGGCTGAACAAATCAAATAATTTTGCCGGGGAGGCATCACATGATTACAGGTATCCAGATTACTAAAGCCGCTAACGACGATCTGCTGAAC,4,AGCTTAACTGCTTCTTTCTACAGAACAAAATCATGCTCATTT-TTTAGACTTAAACGA-GTGCAAAAAAATGTAAATTGGTAAAATTTCACACCCGCATAAGTTGATGTAAAACAATAAAATCCATTTGCGACCATACTTGATGTGTGGTT-TTTATTGATTTGAATCAAAGATTCAAGGGTGTTTGAGGAGTATATATACACTCAAGCAACAATGGTTTTACCAATTGGCCGCGACAGGCTGAACAAATCAAATA-ATTTTGCCGGGGAGGCATCACATGATTACAGGTATCCAGATTACTAAAGCCGCTAACGACGATCTGCTGAAC,1
39,AGCTTAACTGCTTCTTTCTACAGAACAAAATTAAGCTCATTTTTTAGACATAATCGAATGCAAAAAAATGTAAATTGGTAAAATCACATACCCGTATAAGTTGATGTAAAACAATAAAATCCATTCTCGATAATGTTTGATGTGTGGTTTTTATTGATTTAAATCAAAGAATCAGGGGTGTTTGAAGAGTATATATACACTCAAGCAACAATGGTTTTACCAATTGGCCGCGACAGGCTGAACGAATCAAATAATTTTGCCGGGGAGGCATCACATGATTACAGGTATCCAGATTACTAAAGCCGCTAACGACGATCTGCTGAAC,4,AGCTTAACTGCTTATTTCTACAGAACAAAATCATGCTCATTT-TTTAGACTTAAACGA-GTGCAAAAAAATGTAAATTGGTAAAATTCCACACCCGCATAAGTTGATGTAAAACAATAAAATCCATTTGCGACCACAATCGATGTGTGGTT-TTTATTGATTTAAATCAAGGAATCAAGGGTTGTTGAGGAGTATATATACACTCAAGCAACAATGGTTTTACCAATTGGCCGCGACAGGCTGAATAAATCAAATA-ATTTTGCCGGGGAGGCATCACATGATTACAGGTATCCAGATTACTAAAGCCGCTAACGACGATCTGCTGAAC,10
40,AGCTTAACTGCTTCTTTCTACAGAACAAAATCATGCTCATTTTTTAGACTTAAACGAGTGCAAAAAAATGTAAATTGGTAAAATTTCACACCCGCATAAGTTGATGTAAAACAATAAAATCCATTTACGACCACAATCGATGTGTGGTTTCTATTGATTTAAATCAAAGAATCAAGGGTGTTTGAGGAGTATATATACACTCAAGCAACAATGGTTTTACCAATTGGCCGCGACAGGCTGAACAAATCAAATAATTTTGCCGGGGAGGCATCACATGATTACAGGTATCCAGATTACTAAAGCCGCTAACGACGATCTGCTGAAC,4,AGCTTAACTGCTTATTTCTACAGAACAAAATCATGCTTATTT-TTTAGACTTAAACGA-GTGCAAAAAAATGTAAATTGGTAAAATTTCACACCCGCATAAGTTGATGTAAAACAATAAAATCCATTTGCGACCACAATCGATGTGTGGTT-TTTATTGATTTAAATCAAGGAATCAAGGGTTGTTGAGGAGTATATATACACTCAAGCAACAATGGTTTTACCAATTGGCCGCGACAGGCTGAATAAATCAAATA-ATTTTGCCGGGGAGGCATCACATGATTACAGGTATCCAGATTACTAAAGCCGCTAACGACGATCTGCTGAAC,10
41,AGCTTAACTGCTTCTTTCTACAGAACAAAATCATGCTCATTTTTTAGACTTAAACGAGTGCAAAAAAATGTAAATTGGTAAAATTTCACACCTGCATAAGTTGATGTAAAACAATAAAATCCATTTGCAACCATACTTGATGTGTGATTTTTATTGATTTAAATCAAAGATTCAAGGGTGTTTGAGGAGTATATATACACTCAAGCAACAATGGTTTTACCAATTGGCCGCGACAGGCTGAACAAATCAAATAATTTTGCCGGGGAGGCATCACATGATTACAGGTATCCAGATTACTAAAGCCGCTAACGACGATCTGCTGAAC,4,AGCTTAACTGCTTCTTTCTACAGAACAAAACCAAGCTCATTT-TTTAGACTTTAATGA-GTGCAAAAAAATGTAAATTGGTAAAATTTCACACCCGTATAAGTTGATGTAAAACAATAAAATCCATTTGCGAGCACACTTGATGCGTGGTT-TTTATTGATTTAAATCAAAGAATCAAGGGTGTTTGAGGAGTATATATACACTCAAGCAACAATGGTTTTACCAATTGGCCGCGACAGGCTAAACAAATCAAATA-ATTTTGCCGGGGAGGCATCACATGATTACAGGTATCCAGATTACTAAAGCTGCTAATGACGATCTGCTGAAC,12
42,AGCTTAACTGCTTCTTTCTACAGAACAAAATCATGCTCATTTTTTACACTTAAACGAGTGCAAAAAAATGTAAATTGGTAAAATTTCACACCCGCATAAGTTGATGTAAAACAATAAAATCCATTTGTGACCACAATCGATGTGTGGTTTTTATTGATTTAAATCAAAGAATCAAGGGTGGTTGAGGAGTATATATACACTCAAGCAACAATGGTTTTACCAATTGGCCGCGACAGGCTGAACAAATCAAATAATTTTGCCGGGGAGGCATCACATGATTACAGGTATCCAGATTACTAAAGCCGCTAACGACGATCTGCTGAAC,4,AGCTTAACTGCTTCTTTCTACAGAACAAAATTAAGCTCATTT-TTTAGACATAATCGA-ATGCAAAAAAATGTAAATTGGTAAAATCACATACCCGTATAAGTTGATGTAAAACAATAAAATCCATTTTCGATAATGTTTGATGTGTGGTT-TTTATTGATTTAAATCAAAGAATCAAGGATGTTTGAAGAGTATATATACACTCAAGCAACAATGGTTTTACCAATTGGCCGCGACAGGCTGAACGAATCAAATA-ATTTTGCCGGGGAGGCATCACATGATTACAGGTATCCAGATTACTAAGGCCGCTAACGACGATCTGCTGA-A,21
43,AGCTTAACTGCTTCTTTCTACAGAACAAAATCATGCTCATTTTTTAGACTTAAACGAGTGCAAAAAAATGTAAATTGGTAAAATTTCACACCCGAATAAGTTGATGTAAAACAATAAAATCCATTTGCGACCATACTTGATGTGTGGTTTTTATTGATTTAAATCAAAGATTCAAGGGTGTTTGAGGAGTATATATACACTCAAGCAACAATGGTTTTACCAATTGGCCGCGACAGGCTGAACAAATCAAATAATTTTGCCGGGGAGGCATCACATGATTACAGGTATCCAGATTACTAAAGCCGCTAACGACGATCTGCTGAAC,3,AGCTTAACTGCTTATTTCTACAGAACAAAATCATGCTCATTT-TTTAGACTTAAACGA-GTGCAAAAAAATGTAAATTGGTAAAATTTCACACCCGCATAAGTTGATGTAAAACAATAAAATCCATTTGCGACCATACTTGATGTGTGGTT-TTTATTGATTTAAATCAAAGATTCAAGGGTGTTTGAGGAGTATATATACACTCAAGCAACAATGGTTTTACCAATTGGCCGCGACAGGCTGAACAAATCAAATA-ATTTTGCCGGGGAGGCATCACATGATTACAGGTATCCAGATTACTAAAGCCGCTAGCGACGATCTGCTGAAC,2
44,AGCTTAACTGCTTCTTTCTACAGAACAAAACCAGGCTCATTTTTTTAGACTTTAATGAGTGCAAAAAAATGTAAATTGGTAAAATTTCATACCCGCATAAGTTGATGTAAAACAATAAAATCCATTTGCGACCACATTTGATGTGTGGTTTTTATTGATTTAAATCAAAGAATCAAGGGTGTTCGAGGAGTATATATACACTCAAGCAACAATGGTTTTACCAATTGGCCGCGACAGGCTGATCAAATCAAATAAATTTTGCCGGGGAGGCATCACATGATTACAGGTATCCAGATTACTAAAGCCGCTAACGACGATCTGCTGAAC,3,AGCTTAACTGCTTCTTTCTACAGAACAAAATTAAGCTCATTT-TTTAGACATAATCGA-ATGCAAAAAAATGTAAATTGGTAAAATCACATACCCGCATAAGTTGATGTAAAACAATAAAATCCATTCTCGATAATGTTTGATGTGTTGTT-TTTATTGATTTAAATCAAAGAATCAGGGGTGTTTGAAGAGTATATATACACTCAAGCAACAATGGTTTTACCAATTGGCCGCGACAGGCTGAACGAATCAAATA-ATTTTGCCGGGGAGACATCACATGATTACAGGTATCCAGATTACTAAAGCCGCTAACGACGATCTGCTGAAC,20
45,AGCTTAACTGCTTCTTTCTACAGAACAAAACCAGGCTCATTTTTTAGACTTTAATGAGTGCAAAAAAATGTAAATTGGTAAAATTTCACACCCGTATAAGTTGATGTAAAACAATAAAATCCATTTGCGACCACACTTGATGTGTGGTTTTTGTTGATTTAAATCAAAGAATCAAGGGTGTTTGAGGAGTATATATACACTCAAGCAACAATGGTTTTACCAATTGGCCGCGACAGGCTAAACAAATCAAATAATTTTGCCGGGGAGGCATCATATGATTACAGGTATCCAGATTACTAAAGCTGCTAACGACGATCTGCTGAAC,3,AGCTTAACTGCTTCTTTCTACAGAACAAAATCATGCTCATTT-TTTAGACTTAAACGA-GTGCAAAAAAATGTAAATTGGTAAAATTTCACACCTGCATAAGTTGATGTAAAACAATAAAATCCATTTGCGACCATACTTGATGTGTGGTT-TTTATTGATTTAAATCAAAGATTCAAGGGTGTTTGAGGAGTATATATACACTCAAGCAACAATGGTTTTACCAATTGGCCGTGACAGGCTGAACAAATCAAATA-ATTTTGCCGGGGAGGCATCACATGATTACAGGTATCCAGATTACTAAAGCCGCTAACGACGATCTGCTGAAC,2
46,AGCTTAACTGCTTCTTTCTACAGAACAAAATCATGCTCATTTTATAGACTTAAACGAGTGCAAAAAAATGTAAATTGGTAAAATTTCACACCTGCATAAGTTGATGTAAAACAATAAAATCCATTTGCGACCATGCTTGATGTGTGATTTTTATTGATTTAAATCAAAGATTCAAGGGTGTTTGAGGAGTATACATACACTCAAGCAACAATGGTTTTACCAATTGGCCGCGACAGGCTGAACAAATCAAATAATTTTGCCGGGGAGGCATCACATGATTACAGGTATCCAGATTACTAAAGCCGCTAACGACGATCTGCTGAAC,3,AGCTTAACTGCTTCTTTCTACAGAACAAAATCATGCTCATTT-TTTAGACTTAAACGA-GTGCAAAAAAATGTAAATTGGTAAAATTTCACACCCGCATAAGTTGATGTAAAACAATAAAATCCATTTACGACCACAATCGATGCGTGGTT-TTTATTGATTTAAATCAAAGAATCAAGGGTAGTTGAGGAGTATATATACACTCAAGCAACAATGGTTTTACCAATTGGCCGCGACAGGCTGAACAAATCAAATA-ATTTTGCCGGGGAGGCATCACATGATTACAGGTATCCAGATTACTAAAGCCGCTAACGACGATCTGCTGAAC,8
47,AGCTTAACTGCTTATTTCTACAGAACAAAATCATGCTCATTTTTTAGACTTAAACGAGTGCAAAAAAATGTAAATTGGTAAAATTTCACACCCGCATAAGTTGATGTAAAACAATAAAATCCATTTGCGACCACAATCGATGTGTGGTTTTTATTGATTTAAATCAAGGAGTCAAGGGTTGTTGAGGAGTATATATACACTCAAGCAACAATGGTTTTACCAATTGGCCGCGACAGGCTGAATAAATCAAATAATTTTGCCGGGGAGGCATCACATGATTACAGGTATCCAGATTACTAAAGCCGCTAACGACGATCTGCTGAAC,3,AGCTTAACTGCTTCTTTCTACAGAACAAAATCAAGCTCATTT-TTTAGACACAATCGA-GTGCAAAAAAATGTAAATTGGTAAAATTTCACACCCGCATAAGTTGATGTAAAACAATAAAATCTATTTGCGACTACGCTTACCGTGTGGTT-TTTATTGATTTAAATCAAAGAATCAAGGGTGTTTGAGGAGTATATATACACTCAAGCAACAATGGTTTTACCAATTGGCCGCGACAGGCTGA-CAAATCAAATA-ATTTTGCCGGGGAGGCATCACATGATTACAGGTATCCAGATTACTAAAGCCGCTAATGACGATCTGCTGAAC,14
48,AGCTTAACTGCTTCTTTCTACAGAACAAAATCATGCTCATTTTTTAGACTTAAACGAGTGCAAAAAAATGTAAATTGGTAAAATTTCACACCCGCATAAGTTGATGTAAAACAATAAAATCCATTTACGACCACAATCGATGTGTGGTTTTTGTTGATTTAAATCAAAGAATCAAGGGTGGTTGAGGAGTATATATACACTCAAGCAACAATGGTTTTACCAATTGGCCGCGACAGGCTGAACAAATCAAATAATTTTGCCGGGGAGGCATCACATGATTACAGGTATCCAGATTACTAAAGCCGCTAACGACGATCTGCTGAAC,3,AGCTTAACTGCTTCTTTCTACAGAACAAAATCAAGCTCATTT-TTTAGACATAATCGA-ATGCAAAAAAATGTAAATTGGTAAAATCACACACTCGCATAAGTTGATGTAAAACAATAAAATCCATTCTCGATAATGTTTGATGTGTGGTT-TTTATTGATTTAAATCAAAGAATCAGGGGTGTTTGAAGAGTATATATACACTCAAGCAACAATGGTTTTACCAATTGGCCGCGACAGGCTGAACGAATCAAATA-ATTTTGCCGGGGAGGCATCACATGATTACAGGTATCCAGATTACTAAAGCCGCTAACGACGATCTGCTGAAC,17
49,AGCTTAACTGCTTCTTTCTACAGAACAAAACCAGGCTCGTTTTTTAGCCAAAAACACGTGAAAAAAAATGTAAATTGGTAAAATTCCACACCCGCATAAGTTGATGTAAAACAATAAAATCCATTTACGACCATACTTGATGTGTGGTTTTTATTGATTTAAATCAAAGAATCAAGGGTGTTTGAGGAGTATATATACACTCAAGCAACAATGGTTTTACCAATTGGCCGCGACAGGCTGATCAAATCAAATAAATTTTGCCGGGGAGGCATCACATGATTACAGGTATCCAGATTACTAAAGCCGCTAACGACGATCTGCTGAAC,3,AGCTTAACTGCTTCTTTCTACAGAACAAAATCATGCTCATTT-TTTAGACTTAAACGA-GTGCAAAAAAATGTAAATTGGTAAAATTTCACACCTGCATAAGTTGATGTAAAACAATAAAATCCATTTGCAACCATACTTGATGTGTGGTT-TTTGTTGATTTAAATCAAAGATTCAAGGGTGTTTGAGGAGTATATATACACTCAAGCAACAATGGTTTTACCAATTGGCCGCGACAGGCTGAACAAATCAAATA-ATTTTGCCGGGGAGGCATCACATGATTACAGGTATCCAGATTACTAAAGCCGCTAATGACGATCTGCTGAAC,4
50,AGCTTAACTGCTTCTTTCTACAGAACAAAATCATGCTCATTTTTTAGACTTAAACGAGTGCAAAAAAATGTAAATTGGTAAAATTTCACACCCGCATAAGTTGATGTAAAACAATAAAATCCATTTACGACCACAATCGATGTGTGGTTTTTATTGATTTAAATCAAAGAATAAAGGGTGGTTGAGGAGTATATATACACTCAAGCAACAATGGTTTTACCAATTGGCCGCGACAGGCTGAACAAATCAAATAATTTTGCCGGGGAGGCATCACATGATTACAGGTATCCAGATTACTAAAGCCGCTAACGACGATCTGCTGAAC,3,AGCTTAACTGCTTCTTTCTACAGAACAAAATTAAGCTCATTT-TTTAGACATAATCGA-ATGCAAAAAAATGTAAATTGGTAAAATCACATACCCGTATAAGTTGATGTAAAACAATAAAATCCATTCTCGATAATGTTTGATGTGTTGTT-TTTATTGATTTAAATCAAAGAATCGGGGGTGTTTGAAGAGTATATATACACTCAAGCAACAATGGTTTTACCAATTGGCCGCGACAGGCTGAACGAATCAAATA-ATTTTGCCGGGGAGGCATCACATGATTACAGGTATCCAGATTACTAAAGCCGCTAACGACGATCTGCTGAAC,21
51,AGCTTAACTGCTTCTTTCTACAGAACAAAATCATGCTCATTTTTTAGACTTAAACGAGTGCAAAAAAATGTAAATTGGTAAAATTTCACACCTGCATAAGTTGATGTAAAACAATAAAATCCATTTGCAACCATACTTGATGTGTGGTTTTTATTGATTTAAATCAAAGATTCAAGGGTGTTTGAGGAGTATATATACACTCAAGCAACAATGGTTTTACCAATTGGCCGCGACAGGCTGAACAAATCAAATAATTTTGCCGGGGAGGCATCACATGATTACAGGTATCCAGATTACTAAAGCCGCTAATGACGATCTGCTGAAC,2,AGCTTAACTGCTTCTTTCTACAGAACAAAATCATGCTCATTT-TTTAGACTTAAACGA-GTGCAAAAAAATGTAAATTGGTAAAATTTCACACCCGCATAAGTTGATGTAAAACAATAAAATCCATTTACGACCACAATCGATGTGTGGTT-TTTATTGATTTAAATCAAAGAATCAAGGGTAGTTGAGGAGTATATATACACTCAAGCAACAATGGTTTTACCAATTGGCCGCGACAGGCTGAACAAATCAAATA-ATTTTGCCGGGGAGGCATCACATGATTACAGGTATCCAGATTACTAAAGCCGCTAACGACGATCTGCTGAAC,7
52,AGCTTAACTGCTTCTTTCTACAGAACAAAACCAGGCTCGTTTTTTAGCCAAAAACACGTGAAAAAAAATGTAAATTGGTAAAATTCCACACCCGCATAAGTTGATGTAAAACAATAAAATCCATTTACGACCATACTTGATGTGTGGTTTTTATTGATTTAAATCAAAGAATCAAGGGTGTTCGAGGAGTATATATACACTCAAGCAACAATGGTTTTACCAATTGGCCGCGACAGGCTGATCAAATCAAATAAATTTTGCCGGGGAGGCATCACATGATTACAGGTATCCAGATTACTAAAGCCGCTAACGACGATCTGCTGAAC,2,AGCTTAACTGCTTCTTTCTACAGAACAAAATCATGCTCATTT-TTTAGACTTAAACGA-GTGCAAAAAAATGTAAATTGGTAAAATTTCACACCCGCATAAGTTGATGTAAAACAATAAAATCCATTTACGACCACAATTGATGTGTGGTT-TTTATTGATTTAAATCAAAGAATCAAGGGTGGTTGAGGAGTATATATACACTAAAGCAACAATGGTTTTACCAATTGGCCGCGACAGGCTGAACAAATCAAATA-ATTTTGCCGGGGAGGCATCACATGATTACAGGTATCCAGATTACTAAAGCCGCTAACGACGATCTGCTGAAC,6
53,AGCTTAACTGCTTCTTTCTACAGAACAAAATCATGCTCATTTTTTAGACTTAAACGAGTGCAAAAAAATGTAAATTGGTAAAATTTCACACCCGCATAAGTTGATGTAAAACAATAAAATCCATTTGCGACCATACTTGATGTGTGGTTTTTATTGATTTAAATCAAAGATTCAAGGGTGTTTGAGGAGTATATATACATTCAAGCAACAATGGTTTTACCAATTGGCCGCGACAGGCTGAACAAATCAAATAATTTTGCCGGGGAGGCATCACATGATTACAGGTATCCAGATTACTAAAGCCGCTAACGACGATCTGCTGAAC,2,AGCTTAACTGCTTCTTTCTACAGAACAAAATCATGCTCATTT-TATAGACAAAAAGAC-ATGCAAA-AAATGTAAATTGGTAAAATTTCACATCTGCATAAGTTGATGTAAAACAATAAAATCCATTTGTGACCACACTTGATATGTGGTT-TTTATTGATTTAAATCAAAGAATCAAGGGTGTTTGAGGAGTATATATACACTCAAGCAACAATGGTTTTACCAATTGGCCGCGACAGGCTGAACAAATCAAATA-ATTTTGCCGGGGAGGCATCACATGATTACAGGTATCCAGATTACTAAAGCCGCTAACGACGATCTGCTGAAC,14
54,AGCTTAACTGCTTCTTTCTACAGAACAAAATCAAGCTCATTTTTTAGACATAATCGAGTGCAAAAAAATGTAAATTGGTAAAATTTCGCACCCGCATAAGTTGATGTAAAACAATAAAATCTATTTGCAACCACGCTTAGTGTGTGGTTTTTATTGATTTAAATCAAAGAATCAAGGGTGTTTGAGGAGTATATATACACTCAAGCAACAATGGTTTTACCAATTGGCCGCGACAGGCTGACAAATCAAATAATTTTGCCGGGGAGGCATCACATGATTACAGGTATCCAGATTACTAAAGCCGCTAATGACGATCTGCTGAAC,2,AGCTTAACTGCTTATTTCTACAGAACAAAATCATGCTCATTT-TTTAGACTTAAACGA-GTGCAAAAAAATGTAAATTGGTAAAATTTCACACCCGCATAAGTTGATGTAAAACAATAAAATCCATTTGCGACCACAATCGATGTATGGTT-TTTATTGATTTAAATCAAGGAATCAAGGGTTGTTGAGGAGTATATATACACTCAAGCAACAATGGTTTTACCAATTGGCCGCGACAGGCTGAATAAATCAAATA-ATTTTGCCGGGGAGGCATCACATGATTACAGGTATCCAGATTACTAAAGCCGCTAACGACGATCTGCTGAAC,10
55,AGCTTAACTGCTTCTTTCTACAGAACAAAATCATGCTCATTTTTTAGACTTAAACGAGTGCAAAAAAATGTAAATTGGTAAAATTTCACACCCGCATAAGTTGATGTAAAACAATAAAATCCATTTGCGACCACAATCGATGTGTGGTTTTTGTTGATTTAAATCAAAGAATCAAGGGGGTTTGAGGAGTATATATACACTCAAGCAACAATGGTTTTACCAATTGGCCGCGACAGGCTGAACAAATCAAATAATTTTGCCGGGGAGGCATCACATGATTACAGGTATCCAGATTACTAAAGCCGCTAACGACGATCTGCTGAAC,2,AGCTTAACTGCTTCTTTCTACAGAACAAAATCAAGCTCATTT-TTTAGACTTAAACGA-GTGCAAAAAAATGTAAATTGGTAAAATTTCACACCTGCATAAGTTGATGTAAAACAATAAAATCCATTTACGACCATACTTGATGTGTGGTT-TTTATTGATTTAAATCAAGGAATCAAGGGTGTTTGAGGAGTATATATACACTCAAGCAACAATGGTTTTACCAATTGGCCGCGACAGGCTAAACAAATCAAATA-ATTTTGCCGGGGAGGCATCACATGATTACAGGTATCCAGATTACTAAAGCTGCTAATGACGATCTGCTGAAC,8
56,AGCTTAACTGCTTCTTTCTACAGAACAAAACCAGGCTCATTTTTTAGACTTTAATGAGTGCAAAAAAATGTAAATTGGTAAAATTTCACACCCGTATAAGTTGATGTAAAACAATAAAATCCATTTGCGACCACACTTGATGTGTGGTTTTTATTGATTTAAATCAAGGAATCAAGGGTGTTTGAGGAGTATATATACACTCAAGCAACAATGGTTTTACCAATTGGCCGCGACAGGCTAAACAAATCAAATAATTTTGCCGGGGAGGCATCACATGATTACAGGTATCCAGATTACTAAAGCTGCTAATGACGATCTGCTGAAC,2,AGCTTAACTGCTTCTTTCTACAGAACAAAATCATGCTCATTT-TTTAGACTTAAACAA-GTGCAAAAAAATGTAAATTGGTAAAATTTCACACCCGCATAAGTTGATGTAAAACAATAAAATCCATTTGCGACCATACTTGATGTGTGGTT-TTTATTGATTTAAATCAAAGATTCAAGGGTGTTTGAGGAGTATATATACACTCAAGCAACAATGGTTTTACCAATTGGCCGCGACAGGCTGAACAAATCAAATA-ATTTTGCCGGGGAGGCATCACATGATTACAGGTATCCAGATTACTAAAGCCGCTAACGACGATCTGCTGAAC,1
57,AGCTTAACTGCTTCTTTCTACAGAACAAAATCATGCTCATTTTATAGACAAAAAGACATGCAAAAAAATGTAAATTGGTAAAATTTCACACCTGCATAAGTTGATGTAAAACAATAAAACCCATTTGTGACCACACTCGATATGTGTTTTTTATTGATTTAAATCAAAGAATCAAGGGTGATTGAGGAGTATATATACACTCAAGCAACAATGGTTTTACCAATTGGCCGCGACAGGCTGAACAAATCAATAATTTTGCCGGGGAGGCATCACATGATTACAGGTATCCAGATTACTAAAGCCGCTAATGACGATCTGCTGAAC,2,AGCTTAACTGCTTCTTTCTACAGAACAAAATCATGCTCATTT-TTTAGACTTAAACGA-GTGCAAAAAAATGTAAATTGGTAAAATTTCACACCCGCATAAGTTGATGTAAAACAATAAAATCCATTTACGACCACAATCGATGCGTGGTT-TTTATTGATTTAAATCAAAGAATAAAGGGTGGTTGAGGAGTATATATACACTCAAGCAACAATGGTTTTACCAATTGGCCGCGACAGGCTGAACAAATCAAATA-ATTTTGCCGGGGAGGCATCACATGATTACAGGTATCCAGATTACTAAAGCCGCTAACGACGATCTGCTGAAC,8
58,AGCTTAACTGCTTCTTTCTACAGAACAAAATCATGCTCATTTTATAGACAAAAAGACATGCAAAAAATGTAAATTGGTAAAATTTCACATCTGCATAAGTTGATGTAAAACAATAAAATCCATTTGTGACCACACTTGATATGTGGTTTTTGTTGATTTAAATCAAAGAATCAAGGGTGTTTGAGGAGTATATATACACTCAAGCAACAATGGTTTTACCAATTGGCCGCGACAGGCTGAACAAATCAAATAATTTTGCCGGGGAGGCATCACATGATTACAGGTATCCAGATTACTAAAGCCGCTAACGACGATCTGCTGAAC,2,AGCTTAACTGCTTCTTTCTACAGAACAAAATTAAGCTCATTT-TTTAGACATAATCGA-ATGCAAAAAAATGTAAATTGGTAAAATCACATACCCGCATAAGTTGATGTAAAACAATAAAATCCATTCTCGATAATGTTTGATGTGTTGTT--TTTATGATTTAAATCAAAGAATCAGGGGTGTTTGAAGAGTATATATACACTCAAGCAACAATGGTTTTACCAATTGGCCGCGACAGGCTGAACGAATCAAATA-ATTTTGCCGGGGAGACATCACATGATTACAGGTATCCAGATTACTAAAGCCGCTAACGACGATCTGCTGAAC,23
59,AGCTTAACTGCTTCTTTCTACAGAACAAAATCATGCTCATTTTTAGACTTAAACGAGTGCAAAAAAATGTAAATTGGTAAAATTTCACACCTGCATAAGTTGATGTAAAACAATAAAATCCATTTGCGACCATACTTGATGTGTGGTTTTTGTTGATTTAAATCAAAGATTCAAGGGTGTTTGAGGAGTATATATACACTCAAGCAACAATGGTTTTACCAATTGGCCGCGACAGGCTGAACAAATCAAATAATTTTGCCGGGGAGGCATCACATGATTACAGGTATCCAGATTACTAAAGCCGCTAACGACGATCTGCTGAAC,2,AGCTTAACTGCTTCTTTCTACAGAACAAAATCATGCTCATTT-TTTAGACTTAAACGA-GTGCAAAAAAATGTAAATTGGTAAAATTTCACACCCGCATAAGTTGATGTAAAACAATAAAATCCATTTACGACCACAATCGATGTGTGGTT-TTTATTGATTTAAATCAAGGAATCAAGGGTTGTTGAGGAGTATATATACACTCAAGCAACAATGGTTTTACCAATTGGCCGCGACAGGCTGAATAAATCAAATA-ATTTTGCCGGGGAGGCATCACATGATTACAGGTATCCAGATTACTAAAGCCGCTAACGACGATCTGCTGAAC,9
60,AGCTTAACTGCTTATTTCTACAGAACAAAATCATGCTCATTTTTTAGACTTAAACGAGTGCAAAAAAATGTAAATTGGTAAAATTTCGCACCCGCATAAGTTGATGTAAAACAATAAAATCCATTTGCGACCATACTTGATGTGTGGTTTTTATTGATTTAAATCAAAGATTCAAGGGTGTTTGAGGAGTATATATACACTCAAGCAACAATGGTTTTACCAATTGGCCGCGACAGGCTGAACAAATCAAATAATTTTGCCGGGGAGGCATCACATGATTACAGGTATCCAGATTACTAAAGCCGCTAACGACGATCTGCTGAAC,2,AGCTTAACTGCTTCTTTCTACAGAACAAAATCATGCTCATTT-TTTAGACTTAAACGA-GTGCAAAAAAATGTAAATTGGTAAAATTTCACACCTGCATAAGTTGATGTAAAACAATAAAATCCATTTGCGACCACACTTGATGTGTGGTT-TTTATTGATTTAAATCAAAGAATCAAGGGTGTTTGAGGAGTATATATACACTCAAGCAACAATGGTTTTACCAATTGGCCGCGACAGGCTAATCAAATCAAATA-ATTTTGCCGGGGAGGCATCACATGATTACAGGTATCCAGATTACTAAAGCTGCTAATGACGATCTGCTGAAC,7
61,AGCTTAACTGCTTCTTTCTACAGAACAAAATCATGCTCATTTTATAGACAAAAAGACATGCAAAAAAATGTAAATTGGTAAAATTTCACACCTGCATAAGTTGATGTAAAACAATAAAACCCATTTGTGACCACACTCGATATGTATTTTTTATTGATTTAAATCAAAGAATCAAGGGTGATTGAGGAGTATATATACACTCAAGCAACAATGGTTTTACCAATTGGCCGCGACAGGCTGAACAAATCAATAATTTTGCCGGGGAGGCATCACATGATTACAGGTATCCAGATTACTAAAGCCGCTAATGACGATCTGCTGAAC,2,AGCTTAACTGCTTCTTTCTACAGAACAAAATCATGCTCATTT--TTAGACTTAAACGA-GTGCAAAAAAATGTAAATTGGTAAAATTTCACACCCGCATAAGTTGATGTAAAACAATAAAATCCATTTACGACCACAATCGATGTGTGGTT-TTTATTGATTTAAATCAAAGAATCAAGGGTGGTTGAGGAGTATATATACACTCAAGCAACAATGGTTTTACCAATTGGCCGCGACAGGCTGAACAAATCAAATA-ATTTTGCCGGGGAGGCATCACATGATTACAGGTATCCAGATTACTAAAGCCGCTAACGACGATCTGCTGAAC,7
62,AGCTTAACTGCTTCTTTCTACAGAACAAAATCATGCTCATTTTTTAGACTTAAACGAGTGCAAAAAAATGTAAATTGGTAAAATTTCACACCCGCATAAGTTGATGTAAAACAATAAAATCCATTTGCGACCATACTTGATGTGTGTTTTTTATTGATTTAAATCAAAGATTCAAGGGTGTTTGAGGAGTATATATACACTCAAGCAACAATGGTTTTACCAATTGGCCGCGACAGGCTGAACAAATCAAATAATTTTGCCGGGGAGGCATCACATGATTACAGGTATCCAGATTACTAAAGCCGCTAACGACGATCTGCTGAAC,2,AGCTTAACTGCTTCTTTCTACAGAACAAAATCATGCTCATTT-TATAGACAAAAAGAC-ATGCAAAAAAATGTAAATTGGTAAAATTTCACATCTGCATAAGTTGATGTAAAACAATAAAATCAATTTGTGACCACACTTGATATGTGGTT-TTTATTGATTTAAATCAAAGAATCAAGGGTTTTTGAGGAGTATATATACACTCAAGCAACAATGGTTTTACCAATTGGCCGCGACAGGCTGAACAAATCAAATA-ATTTTGCCGGGGAGGCATCACATGATTACAGGTATCCAGATTACTAAAGCCGCTAACGACGATCTGCTGAAC,15
63,AGCTTAACTGCTTCTTTCTACAGAACAAAATCATGCTCATTTTTTAGACTTAAACGAGTGCAAAAAAATGTAAATTGGTAAAATTTCACACCCGCATAAGTTGATGTAAAACAATAAAATCCATTTACAACCACAATCGATGTGTGGTTTTTATTGATTTAAATCAAAGAATCAAGGGTGGTTGAGGAGTATATATACACTCAAGCAACAATGGTTTTACCAATTGGCCGCGACAGGCTGAACAAATCAAATAATTTTGCCGGGGAGGCATCACATGATTACAGGTATCCAGATTACTAAAGCCGCTAACGACGATCTGCTGAAC,2,AGCTTAACTGCTTCTTTCTACAGAACAAAACCAGGCTCGCTT-TTTAGCCAAAAACAC-GTGAAAAAAAATGTAAATTGGTAAAATTTCACACCTGCATAAGTTGATGTAAAACAATAAAATCCATTTACAACCATACTTGATGTGTGGTT-TTTATTGATTTAAATCAAAGAATCAAGGGTGTTTGAGGAGTATATATACACTCAAGCAACAATGGTTTTACCAATTGGCCGCGACAGGCTGATCAAATCAAATAAATTTTGCCGGGGAGGCATCACATGATTACAGGTATCCAGATTACTAAAGCCGCTAACGACGATCTGCTGAAC,16
64,AGCTTAACTGCTTCTTTCTACAGAACAAAATTAAGCTCATTTTTTAGACATAATCGAATGCAAAAAAATGTAAATTGGTAAAATCACATACCCGTATAAGTTGATGTAAAACAATAAAATCTATTCTCGATAATGTTTGATGTGTGGTTTTTATTGATTTAAATCAAAGAATCAGGGGTGTTTGAAGAGTATATATACACTCAAGCAACAATGGTTTTACCAATTGGCCGCGACAGGCTGAACGAATCAAATAATTTTGCCGGGGAGGCATCACATGATTACAGGTATCCAGATTACTAAAGCCGCTAACGACGATCTGCTGAAC,2,AGCTTAACTGCTTCTTTCTACAGAACAAAATCAAGCTCGTTT-TTTAGACACAATCGA-GTGCAAAAAAATGTAAATTGGTAAAATTTCACACCCGCATAAGTTGATGTAAAACAATAAAATCTATTTGTGACCACGCTTACTGTGTGGTT-TTTATTGATTTAAATCAAAGAATCAAGGGTGTTTGAGGAGTATATATACACTCAAGCAACAATGGTTTTACCAATTGGCCGCGACAGGCTGA-CAAATCAAATA-ATTTTGCCGGGGAGGCATCACATGATTACAGGTATCCAGATTACTAAAGCCGCTAATGACGATCTGCTGAAC,14
65,AGCTTAACTGCTTCTTTCTACAGAACAAAATCATGCTCATTTTATAGACAAAAAGACATGCAAAAAAATGTAAATTGGTAAAATTTCACATCTGAATAAGTTGATGTAAAACAATAAAATCCATTTGTGACCACACTTGATATGTGGTTTTTGTTGATTTAAATCAAAGAATCAAGGGTGTTTGAGGAGTATATATACACTCAAGCAACAATGGTTTTACCAATTGGCCGCGACAGGCTGAACAAATCAAATAATTTTGCCGGGGAGGCATCACATGATTACAGGTATCCAGATTACTAAAGCCGCTAACGACGATCTGCTGAAC,2,AGCTTAACTGCTTCTTTCTACAGAACAAAATCAAGCTCATTT-TTTAGACATAATCGA-GTGCAAAAAAATGTAAATTGGTAAAATTTCGCACCCGCATAAGTTGATGTAAAACAATAAAATCTATTTGCGACCACGCTTAGCGTGTGGTT-TTTATTGATTTAAATCAAAGAATCAAGGGTGTTTGAGGAGTATATATACACTCAAGCAACAATGGTTTTACCAATTGGCCGCGACAGGCTGA-CAAATCAAATA-ATTTTGCCGGGGAGGCATCACATGATTACAGGTATCCAGATTACTAAAGCCGCTAATGACGATCTGCTGAAC,13
66,AGCTTAACTGCTTCTTTCTACAGAACAAAATCATGCTCATTTTTTAGACTTAAACGAGTGCAAAAAAATGTAAATTGGTAAAATTTCACACCCGCATAAGTTGATGTAAAACAATAAAATCCATTTGCGACAATACTTGATGTGTGGTTTTTATTGATTTAAATCAAAGATTCAAGGGTGTTTGAGGAGTATATATACACTCAAGCAACAATGGTTTTACCAATTGGCCGCGACAGGCTGAACAAATCAAATAATTTTGCCGGGGAGGCATCACATGATTACAGGTATCCAGATTACTAAAGCCGCTAACGACGATCTGCTGAAC,2,AGCTTAACTGCTTATTTCTACAGAACAAAATCATGCTCATTT-TTTAGACTTAAACGA-GTGCAAAAAAATGTAAATTGGTAAAATTTCACACCCGCATAAGTTGATGTAAAACAATAAAATCCATTTGCGACCACAATCGATGTGTGGTT-TTTATTGATTTAAATCAAGGAATCAAGGTTTGTTGAGGAGTATATATACACTCAAGCAACAATGGTTTTACCAATTGGCCGCGACAGGCTGAATAAATCAAATA-ATTTTGCCGGGGAGGCATCACATGATTACAGGTATCCAGATTACTAAAGCCGCTAACGACGATCTGCTGAAC,10
67,AGCTTAACTGCTTCTTTCTACAGAACAAAATCATGCTCATTTTTTAGACTTAAACGAGTGCAAAAAAATGTAAATTGGTAAAATTTCACACCCGCATAAGTTGATGTAAAACAATAAAATCCATTTACGATCACAATCGATGTGTGGTTTTTATTGATTTAAATCAAAGAATCAAGGGTGGTTGAGGAGTATATATACACTCAAGCAACAATGGTTTTACCAATTGGCCGCGACAGGCTGAACAAATCAAATAATTTTGCCGGGGAGGCATCACATGATTACAGGTATCCAGATTACTAAAGCCGCTAACGACGATCTGCTGAAC,1,AGCTTAACTGCTTCTTTCTACAGAACAAAATCATGCTCATTT-TTTAGACTTAAACGA-GTGCAAAAAAATGTAAATTGGTAAAATTTCACACCCGCATAAGTTGATGTAAAACAATAAAATCCATTTGCAACCATACTTGATGTGTGGTT-TTTATTGATTTAAATCAAAGATTCAAGGGTGTTTGAGGAGTATATATACACTCAAGCAACAATGGTTTTACCAATTGGCCGCGACAGGCTGAACAAATCAAATA-ATTTTGCCGGGGAGGCATCACATGATTACAGGTATCCAGATTACTAAAGCCGCTAACGACGATCTGCTGAAC,1
68,AGCTTAACTGCTTCTTTCTACAGAACAAAATCATGCTCATTTTTTAGACTTAAACGAGTGCAAAAAAATGTAAATTGGTAAAATTTCACACCCGCATAAGTTGATGTAAAACAATAAAATCCATTTGCGACCATACTTGATGTGTGGTTTTTATTGATTTGAATCAAAGATTCAAGGGTGTTTGAGGAGTATATATACACTCAAGCAACAATGGTTTTACCAATTGGCCGCGACAGGCTGAACAAATCAAATAATTTTGCCGGGGAGGCATCACATGATTACAGGTATCCAGATTACTAAAGCCGCTAACGACGATCTGCTGAAC,1,AGCTTAACTGCTTCTTTCTACAGAACAAAATCATGCTCATTT-TTTAGACTTAAACGA-GTGCAAAAAAATGTAAATTGGTAAAATTTCACACCCGCATAAGTTGATGTAAAACAATAAAATCCATTTGCGACCATACTTGATGTGTGGTT-TTTATTGATTTAAATCAAAGATTCAAGGGTGTTTGAGGAGTATATATACACTCAAGCAACAATGGTTTTACCAATTGGCCGCGACAGGCTGA-ACAATCAAATA-ATTTTGCCGGGGAGGCATCACATGATTACAGGTATCCAGATTACTAAAGCCGCTAACGACGATCTGCTGAAC,3
69,AGCTTAACTGCTTCTTTCTACAGAACAAAATCATGCTCATTTTTTAGACTTAAACGAGTGCAAAAAAATGTAAATTGGTAAAATTTCACACCCGCATAAGTTGATGTAAAACAATAAAATCCATTTTCGACCATACTTGATGTGTGGTTTTTATTGATTTAAATCAAAGATTCAAGGGTGTTTGAGGAGTATATATACACTCAAGCAACAATGGTTTTACCAATTGGCCGCGACAGGCTGAACAAATCAAATAATTTTGCCGGGGAGGCATCACATGATTACAGGTATCCAGATTACTAAAGCCGCTAACGACGATCTGCTGAAC,1,AGCTTAACTGCTTCTTTCTACAGAACAAAATCAAGCTCATTT-TTTAGACATAATCGA-GCGCAAAAAAATGTAAATTGGTAAAATTTCACACCCGCATAAGTTGATGTAAAACAATAAAATCTATTTGCGACCACGTTTAGTGTGTGGTT-TTTATTGATTTAAATCAAAGAATCAAGGGTGTTTGAGGAGTATATATACACTCAAGCAACAATGGTTTTACCAATTGGCCGCGACAGGCTGA-CAAATCAAATA-ATTTTGCCGGGGAGGCATCACATGATTACAGGTATCCAGATTACTAAAGCCGCTAATGACGATCTGCTGAAC,13
70,AGCTTAACTGCTTATTTCTACAGAACAAAATCATGCTTATTTTTTAGACTTAAACGAGTGCAAAAAAATGTAAATTGGTAAAATTTCACACCCGCATAAGTTGATGTAAAACAATAAAATCCATTTGCGACCACAATCGATGTGTGGTTTTTATTGATTTAAATCAAGGAATCAAGGGTTGTTGAGGAGTATATATACACTCAAGCAACAATGGTTTTACCAATTGGCCGCGACAGGCTGAATAAATCAAATAATTTTGCCGGGGAGGCATCACATGATTACAGGTATCCAGATTACTAAAGCCGCTAACGACGATCTGCTGAAC,1,AGCTTAACTGCTTCTTTCTACAGAACAAAATCATGCTCATTT-TTTAGACTTAAACGA-GTGCAAAAAAATGTAAATTGGTAAAATTTCACACCCGCATAAGTTGATGTAAAACAATAAAATCCATTTACGACCACAATCGATGTGTGGTT-TTTATTGATTTAAATCAAAGAATCAAGGGTGGTTGAGGAGTATATATACACTCAAGCAACAATGGTTTTACCAATTGGCCGCGACAGGCTGAACAAATCAAATA-ATTTTGCCGGGGAGGCATCACATGATTACAGGTATCCAGATTACTAAAACCGCTAACGACGATCTGCTGAAC,7
71,AGCTTAACTGCTTATTTCTACAGAACAAAATCATGCTCATTTTTTAGACTTAAACGAGTGCAAAAAAATGTAAATTGGTAAAATTCCACACCCGCATAAGTTGATGTAAAACAATAAAATCCATTTGCGACCACAATCGATGTGTGGTTTTTATTGATTTAAATCAAGGAATCAAGGGTTGTTGAGGAGTATATATACACTCAAGCAACAATGGTTTTACCAATTGGCCGCGACAGGCTGAATAAATCAAATAATTTTGCCGGGGAGGCATCACATGATTACAGGTATCCAGATTACTAAAGCCGCTAACGACGATCTGCTGAAC,1,AGCTTAACTGCTTCTTTCTACAGAACAAAATCATGCTCATTT-TATAGACAAAAAGAC-ATGCAAAAAAATGTAAATTGGTAAAATTTCACACCTGCATAAGTTGATGTAAAACAATAAAATCCATTTGTGACCACATTCGATATGTGTTT-TTTATTGATTTAAATCAAAGAATCAAGGGTGTTTGAGGAGTATATATACACTCAAGCAACAATGGTTTTACCAATTGGCCGCGACAGGCTGAACAAATCAAATA-ATTTTGCCGGGGAGGCATCACATGATTACAGGTATCCAGATTACTAAAGCCGCTAACGACGATCTGCTGAAC,15
72,AGCTTAACTGCTTCTTTCTACAGAACAAAACCAAGCTCATTTTTTAGACTTTAATGAGTGCAAAAAAATGTAAATTGGTAAAATTTCACACCCGTATAAGTTGATGTAAAACAATAAAATCCATTTGCGAGCACACTTGATGCGTGGTTTTTATTGATTTAAATCAAAGAATCAAGGGTGTTTGAGGAGTATATATACACTCAAGCAACAATGGTTTTACCAATTGGCCGCGACAGGCTAAACAAATCAAATAATTTTGCCGGGGAGGCATCACATGATTACAGGTATCCAGATTACTAAAGCTGCTAATGACGATCTGCTGAAC,1,AGCTTAACTGCTTCTTTCTACAGAACAAAATCATGCTCATTT-TATAGACAAAAAGAC-ATGAAAAAAAATGTAAATTGGTAAAATTTCACATCTGCATAAGTTGATGTAAAACAATAAAATCCATTTGTGACCACACTTGATATATGGTT-TTTATTGATTTAAATCAAAGAATCAAGGGTGTTTGAGGAGTATATATACACTCAAGCAACAATGGTTTTACCAATTGGCCGCGACAGGCTGAACAAATCAAATA-ATTTTGCCGGGGAGGCATCACATGATTACAGGTATCCAGATTACTAAAGCCGCTAACGACGATCTGCTGAAC,15
73,AGCTTAACTGCTTCTTTCTACAGAACAAAATTAAGCTCATTTTTTAGACATAATCGAATGCAAAAAAATGTAAATTGGTAAAATCACATACCCGTATAAGTTGATGTAAAACAATAAAATCCATTTTCGATAATGTTTGATGTGTGGTTTTTATTGATTTAAATCAAAGAATCAAGGATGTTTGAAGAGTATATATACACTCAAGCAACAATGGTTTTACCAATTGGCCGCGACAGGCTGAACGAATCAAATAATTTTGCCGGGGAGGCATCACATGATTACAGGTATCCAGATTACTAAGGCCGCTAACGACGATCTGCTGAA,1,AGCTTAACTGCTTCTTTCTATAGAACAAAATCATGCTCATTT-TATAGACAAAAAGAC-ATGCAAAAAAATGTAAATTGGTAAAATTTCACACCTGCATAAGTTGATGTAAAACAATAAAATCCATTTACGACCATACTTGATGTGTGGTT-TTTATTGATTTAAATCAAAGAATCAAGGGTGTTTGAGGAGTATATATACACTAAAGCAACAATGGTTTTACCAATTGGCCGCGACAGGCTGATCAAATCAAATAAATTTTGCCGGGGAGGCATCACATGATTACAGGTATCCAGATTACTAAAGCCGCTAACGACGATCTGCTGAAC,14
74,AGCTTAACTGCTTCTTTCTACAGAACAAAATTAAGCTCATTTTTTAGACATAATCGAATGCAAAAAAATGTAAATTGGTAAAATCACATACACGCATAAGTTGATGTAAAACAATAAAATCCATTCTCGATAATGTTTGATATGTTGTTTTTATTGATTTAAATCAAAGAATCAGGGGTGTTTGAAGAGTATATATACACTCAAGCAACAATGGTTTTACCAATTGGCCGCGACAGGCTGAACGAATCAAATAATTTTGCCGGGGAGGCATCACATGATTACAGGTATCCAGATTACTAAAGCCGCTAACGACGATCTGCTGAAC,1,AGCTTAACTGCTTCTTTCTACAGAACAAAATCATGCTCATTT-TTTAGACTTAAACGA-GTGCAAAAAAATGTAAATTGGTAAAATTTCACACCCGCATAAGTTGATGTAAAACAATAAAATCCATTTGAGACCATACTTGATGTGTGGTT-TTTATTGATTTAAATCAAAGATTCAAGGGTGTTTGAGGAGTATATATACACTCAAGCAACAATGGTTTTACCAATTGGCCGCGACAGGCTGAACAAATCAAATA-ATTTTGCCGGGGAGGCATCACATGATTACAGGTATCCAGATTACTAAAGCCGCTAACGACGATCTGCTGAAC,1
75,AGCTTAACTGCTTCTTTCTACAGAACAAAATCATGCTCATTTTTTAGACTTAAACGAGTGCAAAAAAATGTAAATTGGTAAAATTTCACACCCGCATAAGTTGATGTAAAACAATAAAATCCATTTACGACCACAATCGATATGTGGTTTTTATTGATTTAAATCAAAGAATCAAGGGTGGTTGAGGAGTATATATACACTCAAGCAACAATGGTTTTACCAATTGGCCGCGACAGGCTGAACAAATCAAATAATTTTGCCGGGGAGGCATCACATGATTACAGGTATCCAGATTACTAAAGCCGCTAACGACGATCTGCTGAAC,1,AGCTTAACTGCTTCTTTCTACAGAACAAAATCATGCTCATTT-TTTAGACTTAAACGA-GTGCAAAAAAATGTAAATTGGTAAAATTTCACACCTGCATAAGTTGATGTAAAACAATAAAATCCATTTGCGACCATACTTGATGTGTGGTT-TTTATTGATTTAAATCAAAGATTCAAGGGTGTTTGAGGAGTATATATACACTCAAGCAACAATGGTTTTACCAATTGGCCGCGACAGGCTGAACAAATCAAATA-ATTTTGCCGGGGAGGCATCACATGATTACAGGTATCCAGATTACTAAAGCCGCTAACGACGATCTGCTGAAC,1
76,AGCTTAACTGCTTCTTTCTACAGAACAAAATCATGCTCATTTTTTAGACTTAAACGAGTGTAAAAAAATGTAAATTGGTAAAATTTCACACCCGCATAAGTTGATGTAAAACAATAAAATCCATTTACGACCACAATCGATGTGTGGTTTTTATTGATTTAAATCAAAGAATCAAGGGTGGTTGAGGAGTATATATACACTCAAGCAACAATGGTTTTACCAATTGGCCGCGACAGGCTGAACAAATCAAATAATTTTGCCGGGGAGGCATCACATGATTACAGGTATCCAGATTACTAAAGCCGCTAACGACGATCTGCTGAAC,1,AGCTTAACTGCTTCTTTCTACAGAACAAAATCATGCTCATTT-TTTAGACTTAAACGA-GTGCAAAAAAATGTAAATTGGTAAAATTTCACACCCGCATAAGTTGATGTAAAACAATAAAATCCATTTGCGACCATACTTGATGTGTGGTT-TTTATTGATTTAAATCAAAGATTCAAGGGTGTTTGAGGAGTATATATACATTCAAGCAACAATGGTTTTACCAATTGGCCGCGACAGGCTGAACAAATCAAATA-ATTTTGCCGGGGAGGCATCACATGATTACAGGTATCCAGATTACTAAAGCCGCTAACGACGATCTGCTGAAC,1
77,AGCTTAACTGCTTCTTTCTACAGAACAAAATTAAGCTCATTTTTTAGACATAATCGAATGCAAAAAAATGTAAATTGGTAAAATCACATACCCGTATAAGTTGATGTAAAACAATAAAATCCATTCTCGATAATGTTTGATGTGTTATTTTTATTGATTTAAATCAAAGAATCAGGGGTGTTTGAAGAGTATATATACACTCAAGCAACAATGGTTTTACCAATTGGCCGCGACAGGCTGAACGAATCAAATAATTTTGCCGGGGAGGCATCACATGATTACAGGTATCCAGATTACTAAAGCCGCTAACGACGATCTGCTGAAC,1,AGCTTAACTGCTTCTTTCTACAGAACAAAATCATGCTCATTT-TTTAGACTTAAACGA-GTGCAAAAAAATGTAAATTGGTAAAAATTCACACCTGCATAAGTTGATGTAAAACAATAAAATCCATTTGCGACCATACTTGATGTGTGGTT-TTTATTGATTTAAATCAAAGATTCAAGGGTGTTTGAGGAGTATATATACACTCAAGCAACAATGGTTTTACCAATTGGCCGCGACAGGCTGAACAAATCAAATA-ATTTTGCCGGGGAGGCATCACATGATTACAGGTATCCAGATTACTAAAGCCGCTAACGACGATCTGCTGAAC,2
78,AGCTTAACTGCTTCTTTCTACAGAACAAAATCATGCTCATTTTTTAGACTTAAACGAGTGCAAAAAAATGTAAATTGGTAAAATTTCACACCCGCATAAGTTGATGTAAAACAATAAAATCCATTTACGACCACAATCGATGTGTGGTTTTTATTGATTTAAATCAAAGAATCAAGGGTGGTTGAGGAGTATATATACACTCAAGCAACAATGGTTTTACCAATTGGCCGCGACAGGCTGAACAAATCAAATAATTTTGCCGGGGAGGCATCAAATGATTACAGGTATCCAGATTACTAAAGCCGCTAACGACGATCTGCTGAAC,1,AGCTTAACTGCTTCTTTCTACAGAACAAAACCAGGCTCGTTT-TTTAGCCAAAAACAC-GTGAAAAAAAATGTAAATTGGTAAAATTCCACACCCGCATAAGTTGATGTAAAACAATAAAATCCATTTACGACCATACTTGATGTGTGGTT-TTTATTGATTTAAATCAAAGAATCAAGGGTGTTCGAGGAGTATATATACACTCAAGCAACAATGGTTTTACCAATTGGCCGCGACAGGCTGATCAAATCAAATAAATTTTGCCGGGGAGGCATCACATGATTACAGGTATCCAGATTACTAAAGCCGCTAACGACGATCTGCTGAAC,15
79,AGCTTAACTGCTTCTTTCTACAGAACAAAACCAGGCTCGCTTTTTAGCCAAAAACACGTGAAAAAAAATGTAAATTGGTAAAATTTCACACCTGCATAGGTTGATGTAAAACAATAAAATCCATTTACGACCATACTTGATGTGTGGTTTTCATTGATTTAAATCAAAGAATCAAGGGTGTTTGAGGAGTATATATACACTCAAGCAACAATGGTTTTACCAATTGGCCGCGACAGGCTGATCAAATCAAATAAATTTTGCCGGGGAGGCATCACATGATTACAGGTATCCAGATTACTAAAGCCGCTAACGACGATCTGCTGAAC,1,AGCTTAACTGCTTATTTCTACAGAACAAAATCATGCTCATTT-TTTAGACTTAAACGA-GTGCAAAAAAATGTAAATTGGTAAAATTTCACACCCGCATAAGTTGATGTAAAACAATAAAATCCATTTACGACCACAATCGATGTGTGGTT-TTTATTGATTTAAATCAAAGAATCAAGGGTGGTTGAGGAGTATATATACACTCAAGCAACAATGGTTTTACCAATTGGCCGCGACAGGCTGAACAAATCAAATA-ATTTTGCCGGGGAGGCATCACATGATTACAGGTATCCAGATTACTAAAGCCGCTAACGACGATCTGCTGAAC,7
80,AGCTTAACTGCTTCTTTCTACAGAACAAAATCATGCTCATTTTATAGACAAAAAAGACATGCAAAAAAATGTAAATTGGTAAAATTTCACATCTGCATAAGTTGATGTAAAACAATAAAATCCATTTGTGACCACACTTGATATGTGGTTTTTTATTGATTTAAATCAAAGAATCAAGGGTGTTTGAGGAGTATATATACACTCAAGCAACAATGGTTTTACCAATTGGCCGCGACAGGCTGAACAAATCAAATAATTTTGCCGGGGAGGCATCACATGATTACAGGTATCCAGATTACTAAAGCCGCTAACGACGATCTGCTGAAC,1,AGCTTAACTGCTTCTTTCTACAGAACAAAATCAAGCTCATTT-TTTAGACATAATCGA-GTGCAAAAAAATGTAAATTGGTAAAATTTCGCACCCGCATAAGTTGATGTAAAACAATAAAATCTATTTGCAACCACGCTTAGTGTGTGGTT-TTTATTGATTTAAATCAAAGAATCAAGGGTGTTTGAGGAGTATATATACACTCAAGCAACAATGGTTTTACCAATTGGCCGCGACAGGCTGA-CAAATCAAATA-ATTTTGCCGGGGAGGCATCACATGATTACAGGTATCCAGATTACTAAAGCCGCTAATGACGATCTGCTGAAC,13
81,AGCTTAACTGCTTCTTTCTACAGAACAAAATCAAGCTCATTTTTTAGACATAATCGAATGCAAAAAAATGTAAATTGGTAAAATCACATACTCGCATAAGTTGATGTAAAACAATAAAATCCATTCTCGATAATGTTTGATGTGTGGTTTTTATTGATTTAAATCAAAGAATCAGGGATGTTTGAAGAGTATATATACACTCAAGCAACAATGGTTTTACCAATTGGCCGCGACAGGCTGAACGAATCAAATAATTTTGCCGGGGAGGCATCACATGATTACAGGTATCCAGATTACTAAAGCCGCTAACGACGATCTGCTGAAC,1,AGCTTAACTGCTTCTTTCTACAGAACAAAATCATGCTCATTT-TTTAGACTTAAACGA-GTGCAAAAAAATGTAAATTGGTAAAATTTCACACCCGCATAAGTTGATGTAAAACAATAAAATCCATTTGCGACCACAATCGATGTGTGGTT-TTTGTTGATTTAAATCAAAGAATCAAGGGGGTTTGAGGAGTATATATACACTCAAGCAACAATGGTTTTACCAATTGGCCGCGACAGGCTGAACAAATCAAATA-ATTTTGCCGGGGAGGCATCACATGATTACAGGTATCCAGATTACTAAAGCCGCTAACGACGATCTGCTGAAC,6
82,AGCTTAACTGCTTCTTTCTACAGAACAAAATCATGCTCATTTTTTAGACTTAAACGAGTGCAAAAAAATGTAAATTAGTAAAATTTCACACCCGCATAAGTTGATGTAAAACAATAAAATCCATTTACGACCACAATCGATGTGTGGTTTTTATTGATTTAAATCAAAGAATCAAGGGTGGTTGAGGAGTATATATACACTCAAGCAACAATGGTTTTACCAATTGGCCGCGACAGGCTGAACAAATCAAATAATTTTGCCGGGGAGGCATCACATGATTACAGGTATCCAGATTACTAAAGCCGCTAACGACGATCTGCTGAAC,1,AGCTTAACTGCTTCTTTCTACAGAACAAAACCAGGCTCATTT-TTTAGACTTTAATGA-GTGCAAAAAAATGTAAATTGGTAAAATTTCACACCCGTATAAGTTGATGTAAAACAATAAAATCCATTTGCGACCACACTTGATGTGTGGTT-TTTATTGATTTAAATCAAGGAATCAAGGGTGTTTGAGGAGTATATATACACTCAAGCAACAATGGTTTTACCAATTGGCCGCGACAGGCTAAACAAATCAAATA-ATTTTGCCGGGGAGGCATCACATGATTACAGGTATCCAGATTACTAAAGCTGCTAATGACGATCTGCTGAAC,11
83,AGCTTAACTGCTTCTTTCTACAGAACAAAATTAAGCTCATTTTTTAGACATAATCGAATGCAAAAAAATGTAAATTGGTAAAATCACATACCCGTATAAGTTGATGTAAAACAATAAAATCCATTCTCGATAATGTTTGATGTGTGGTTTTTATTGATTTAAATCAAAGAATCAGGGATGTTTGAAGAGTATATATACACTCAAGCAACAATGGTTTTACCAATTAGCCGCGACAGGCTGAACGAATCAAATAATTTTGCCGGGGAGGCATCACATGATTACAGGTATCCAGATTACTAAGGCCGCTAACGACGATCTGCTGAA,1,AGCTTAACTGCTTCTTTCTACAGAACAAAATCATGCTCATTT-TATAGACAAAAAGAC-ATGCAAAAAAATGTAAATTGGTAAAATTTCACACCTGCATAAGTTGATGTAAAACAATAAAACCCATTTGTGACCACACTCGATATGTGTTT-TTTATTGATTTAAATCAAAGAATCAAGGGTGATTGAGGAGTATATATACACTCAAGCAACAATGGTTTTACCAATTGGCCGCGACAGGCTGAACAAATCA-ATA-ATTTTGCCGGGGAGGCATCACATGATTACAGGTATCCAGATTACTAAAGCCGCTAATGACGATCTGCTGAAC,18
84,AGCTTAACTGCTTCTTTCTACAGAACAAAATCATGCTCATTTTTTAGACTTAAACGAGTGCAAAAAAATGTAAATTGGTAAAATTTCACACCTGCATAAGTTGATGTAAAACAATAAAATCCATTTGCAACCATACTTGATGTGTGGTTTTTATTGATTTAAATCAAAGATTCAAGGGTGTTTGAGGAGTATATATACACTCAAGCAACAATGGTTTTACCAATTGGCCGCGACAGGCTGAACAAATCAAATAATTTTGCCGGGAGGCATCACATGATTACAGGTATCCAGATTACTAAAGCCGCTAACGACGATCTGCTGAAC,1,AGCTTAACTGCTTCTTTCTACAGAACAAAATCATGCTCATTT-TATAGACAAAAAGAC-ATGCAAA-AAATGTAAATTGGTAAAATTTCACATCTGCATAAGTTGATGTAAAACAATAAAATCCATTTGTGACCACACTTGATATGTGGTT-TTTGTTGATTTAAATCAAAGAATCAAGGGTGTTTGAGGAGTATATATACACTCAAGCAACAATGGTTTTACCAATTGGCCGCGACAGGCTGAACAAATCAAATA-ATTTTGCCGGGGAGGCATCACATGATTACAGGTATCCAGATTACTAAAGCCGCTAACGACGATCTGCTGAAC,15
85,AGCTTAACTGCTTCTTTCTACAGAACAAAATCATGCTCATTTTTTAGACTTAAACGAGTGCAAAAAAATGTAAATTGGTAAAATTTCACACCCGCATAAGTTGATGTAAAACAATAAAATCCATTTGCGACCATACTTGATGTGTGGTTTTTATTGATTTAAATCAAAGATTAAAGGGTGTTTGAGGAGTATATATACACTCAAGCAACAATGGTTTTACCAATTGGCCGCGACAGGCTGAACAAATCAAATAATTTTGCCGGGGAGGCATCACATGATTACAGGTATCCAGATTACTAAAGCCGCTAACGACGATCTGCTGAAC,1,AGCTTAACTGCTTCTTTCTACAGAACAAAATCATGCTCATTT-TTTAGACTTAAACGA-GTGCAAAAAAATGTAAATTGGTAAAATTTCACACCTGCATAAGTTGATGTAAAACAATAAAATCCATTTGCAACCATACTTGATGTGTGGTT-TTTATTGATTTAAATCAAAGATTCAAGGGTGTTTGAGGAGTATATATACACTCAAGCAACAATGGTTTTACCAATTGGCCGCGACAGGCTGAACAAATCAAATA-ATTTTGCCGGGGAGGCATCACATGATTACAGGTATCCAGATTACTAAAGCCGCTAATGACGATCTGCTGAAC,3
86,AGCTTAACTGCTTCTTTCTACAGAACAAAATCATGCTCATTTTATAGACAAAAAGACATGCAAAAAAATGTAAATTGGTAAAATTTCATATCTGCATAAGTTGATGTAAAACAATAAAATCCATTTGTGACCACACTTGATATGTGGTTTTTGTTGATTTAAATCAAAGAATCAAGGGTGTTTGAGGAGTATATATACACTCAAGCAACAATGGTTTTACCAATTGGCCGCGACAGGCTGAACAAATCAAATAATTTTGCCGGGGAGGCATCACATGATTACAGGTATCCAGATTACTAAAGCCGCTAACGACGATCTGCTGAAC,1,AGCTTAACTGCTTCTTTCTACAGAACAAAATCATGCTCATTT-TATAGACAAAAAGAC-ATGCAAAAAAATGTAAATTGGTAAAATTTCACATCTGCATAAGTTGATGTAAAACAATAAAATCCATTTGTGACCACACTTGATATGTGGTT-TTTATTGATTTAAATCAAAGAATCAAGGGTGTTTGAGGAGTATATATACACTCAAGCAACAATGGTTTTACCAATTGGCCGCGACAGGCTGAACAAATCAAATA-ATTTTGCCGGGGAGGCATCACATGATTACAGGTATCCAGATTACTAAAGCCGCTAACGACGATCTGCTGAAC,13
87,AGCTTAACTGCTTCTTTCTACAGAACAAAATTATGCTCATTTTTTAGACTTAAACGAGTGCAAAAAAATGTAAATTGGTAAAATTTCACACCCGCATAAGTTGATGTAAAACAATAAAATCCATTTGCGACCATACTTGATGTGTGGTTTTTATTGATTTAAATCAAAGATTCAAGGGTGTTTGAGGAGTATATATACACTCAAGCAACAATGGTTTTACCAATTGGCCGCGACAGGCTGAACAAATCAAATAATTTTGCCGGGGAGGCATCACATGATTACAGGTATCCAGATTACTAAAGCCGCTAACGACGATCTGCTGAAC,1,AGCTTAACTGCTTATTTCTACAGAACAAAATCATGCTCATTT-TTTAGACTTAAACGA-GTGCAAAAAAATGTAAATTGGTAAAATTTCGCACCCGCATAAGTTGATGTAAAACAATAAAATCCATTTGCGACCATACTTGATGTGTGGTT-TTTATTGATTTAAATCAAAGATTCAAGGGTGTTTGAGGAGTATATATACACTCAAGCAACAATGGTTTTACCAATTGGCCGCGACAGGCTGAACAAATCAAATA-ATTTTGCCGGGGAGGCATCACATGATTACAGGTATCCAGATTACTAAAGCCGCTAACGACGATCTGCTGAAC,2
88,AGCTTAACTGCTTCTTTCTACAGAACAAAATCATGCTCATTTTTTAGACTTAAACGAGTGCAAAAAAATGTAAATTGGTAAAATTTCACACCCGCATAAGTTGATGTAAAACAATAAAATCCATTTGCGACCATACTTGATTTGTGGTTTTTATTGATTTAAATCAAAGATTCAAGGGTGTTTGAGGAGTATATATACACTCAAGCAACAATGGTTTTACCAATTGGCCGCGACAGGCTGAACAAATCAAATAATTTTGCCGGGGAGGCATCACATGATTACAGGTATCCAGATTACTAAAGCCGCTAACGACGATCTGCTGAAC,1,AGCTTAACTGCTTCTTTCTACAGAACAAAATCATGCTCATTT-TATAGACAAAAAGAC-ATGCAAAAAAATGTAAATTGGTAAAATTTCACACCTGCATAAGTTGATGTAAAACAATAAAACCCATTTGTGACCACACTCGATATGTGTTTTTTTATTGATTTAAATCAAAGAATCAAGGGTGATTGAGGAGTATATATACACTCAAGCAACAATGGTTTTACCAATTGGCCGCGACAGGCTGAACAAATCA-ATA-ATTTTGCCGGGGAGGCATCACATGATTACAGGTATCCAGATTACTAAAGCCGCTAATGACGATCTGCTGAAC,19
89,AGCTTAACTGCTTATTTCTACAGAACAAAATCATGCTCATTTTTTAGACTTAAACGAGTGCAAAAAAATGTAAATTGGTAAAATTTCACACCCGCATAAGTTGATGTAAAACAATAAAATCCATTTGCGACCATACTTGATGTGTGGTTTTTATTGATTTAAATCAAAGATTCAAGGGTGTTTGAGGAGTATATATACACTCAAGCAACAATGGTTTTACCAATTGGCCGCGACAGGCTGAACAAATCAAATAATTTTGCCGGGGAGGCATCACATGATTACAGGTATCCAGATTACTAAAGCCGCTAGCGACGATCTGCTGAAC,1,AGCTTAACTGCTTCTTTCTACAGAACAAAATCATGCTCATTT-TTTAGACTTAAACGA-GTGCAAAAAAATGTAAATTGGTAAAATTTCACACCCGCATAAGTTGATGTAAAACAATAAAATCCATTTGTTACCACAATCGATGTGTGGTT-TTTATTGATTTAAATCAAAGAATCAAGGGTGGTTGAGGAGTATATATACACTCAAGCAACAATGGTTTTACCAATTGGCCGCGACAGGCTGAACAAATCAAATA-ATTTTGCCGGGGAGGCATCACATGATTACAGGTATCCAGATTACTAAAGCCGCTAACGACGATCTGCTGAAC,7
90,AGCTTAACTGCTTCTTTCTACAGAACAAAATCAAGCTCATTTTTTAGACACAATCGAGTGCAAAAAAATGTAAATTGGTAAAATTTCACACCCGCATAAGTTGATGTAAAACAATAAAATCTATTTGCGACTACGCTTACCGTGTGGTTTTTATTGATTTAAATCAAAGAATCAAGGGTGTTTGAGGAGTATATATACACTCAAGCAACAATGGTTTTACCAATTGGCCGCGACAGGCTGACAAATCAAATAATTTTGCCGGGGAGGCATCACATGATTACAGGTATCCAGATTACTAAAGCCGCTAATGACGATCTGCTGAAC,1,AGCTTAACTGCTTCTTTCTACAGAACAAAACCAGGCTCGCTT-TTTAGCCAAAAACAC-GTGAAAAAAAATGTAAATTGGTAAAATTTCACACCTGCATAAGTTGATGTAAAACAATAAAATCCATTTTCGACCATACTTGATGTGTGGTT-TTTATTGATTTAAATCAAAGAATCAAGGGTGTTTGAGGAGTATATATACACTCAAGCAACAATGGTTTTACCAATTGGCCGCGACAGGCTGATCAAATCAAATAAATTTTGCCGGGGAGGCATCACATGATTACAGGTATCCAGATTACTAAAGCCGCTAACGACGATCTGCTGAAC,15
91,AGCTTAACTGCTTCTTTCTACAGAACAAAATCATGCTCATTTTTTAGACTTAAACGAGTGCAAAAAAATGTAAATTGGTAAAATTTCACACCTGCATAAGTTGATGTAAAACAATAAAATCCATTTGCGACCACACTTGATGTGTGGTTTTTATTGATTTAAATCAAAGAATCAAGGGTGTTTGAGGAGTATATATACACTCAAGCAACAATGGTTTTACCAATTGGCCGCGACAGGCTAATCAAATCAAATAATTTTGCCGGGGAGGCATCACATGATTACAGGTATCCAGATTACTAAAGCTGCTAATGACGATCTGCTGAAC,1,AGCTTAACTGCTTCTTTCTACAGAACAAAATCATGCTCATTT-TTTAGACTTAAACGA-GTGCAAA-AAATGTAAATTGGTAAAATTTCACACCCGCATAAGTTGATGTAAAACAATAAAATCCATTTACGACCACAATCGATGTGTGGTT--TTATTGATTTAAATCAAAGAATCAAGGGTGGTTGAGGAGTATATATACACTCAAGCAACAATGGTTTTACCAATTGGCCGCGACAGGCTGAACAAATCAAATA-ATTTTGCCGGGGAGGCATCACATGATTACAGGTATCCAGATTACTAAAGCCGCTAACGACGATCTGCTGAAC,8
92,AGCTTAACTGCTTCTTTCTACAGAACAAAATCAAGCTCATTTTTTAGACATAATCGAGTGCAAAAAAATGTAAATTGGTAAAATTTCACACCCGCATAAGTTGATGTAAAACAATAAAATCTATTTGCGACCACGCTTGCTGTGTGGTTTTTATTGATTTAAATCAAAGAATCAAGGGTGTTTGAGGAGTATATATACACTCAAGCAACAATGGTTTTACCAATTGGCCGCGACAGGCTGACAAATCAAATAATTTTGCCGGGGAGGCATCACATGATTACAGGTATCCAGATTACTAAAGCCGCTAATGACGATCTGCTGAAC,1,AGCTTAACTGCTTCTTTCTACAGAACAAAATCATGCTCATTT--TTAGACTTAAACGA-GTGCAAAAAAATGTAAATTGGTAAAATTTCACACCTGCATAAGTTGATGTAAAACAATAAAATCCATTTGCGACCATACTTGATGTGTGGTT-TTTGTTGATTTAAATCAAAGATTCAAGGGTGTTTGAGGAGTATATATACACTCAAGCAACAATGGTTTTACCAATTGGCCGCGACAGGCTGAACAAATCAAATA-ATTTTGCCGGGGAGGCATCACATGATTACAGGTATCCAGATTACTAAAGCCGCTAACGACGATCTGCTGAAC,3
93,AGCTTAACTGCTTCTTTCTACAGAACAAAATCATGCTCATTTTTTAGACTTAAACGAGTGCAAAAAAATGTAAATTGGTAAAATTTCACACCCGCATAAGTTGATGTAAAACAATAAAATCCATTTACGACCACAATTGATGTGTGGTTTTTATTGATTTAAATCAAAGAATCAAGGGTGGTTGAGGAGTATATATACACTAAAGCAACAATGGTTTTACCAATTGGCCGCGACAGGCTGAACAAATCAAATAATTTTGCCGGGGAGGCATCACATGATTACAGGTATCCAGATTACTAAAGCCGCTAACGACGATCTGCTGAAC,1,AGCTTAACTGCTTCTTTCTACAGAACAAAATCATGCTCATTT-TATAGACAAAAAGAC-ATGCAAAAAAATGTAAATTGGTAAAATTTCACACCTGCATAAGTTGATGTAAAACAATAAAATCCATTTGTGACCACATTCGATATGTGGTA-TTTATTGATTTAAATCAAAGAATCAAGGGTGTTTGAGGAGTATATATACACTCAAGCAACAATGGTTTTACCAATTGGCCGCGACAGGCTGAACAAATCAAATA-ATTTTGCCGGGGAGGCATCACATGATTACAGGTATCCAGATTACTAAAGCCGCTAATGACGATCTGCTGAAC,16
94,AGCTTAACTGCTTCTTTCTACAGAACAAAATCATGCTCATTTTATAGACAAAAAGACATGCAAAAAATGTAAATTGGTAAAATTTCACATCTGCATAAGTTGATGTAAAACAATAAAATCCATTTGTGACCACACTTGATATGTGGTTTTTATTGATTTAAATCAAAGAATCAAGGGTGTTTGAGGAGTATATATACACTCAAGCAACAATGGTTTTACCAATTGGCCGCGACAGGCTGAACAAATCAAATAATTTTGCCGGGGAGGCATCACATGATTACAGGTATCCAGATTACTAAAGCCGCTAACGACGATCTGCTGAAC,1,AGCTTAACTGCTTCTTTCTACAGAACAAAATCATGCTCATTT-TTTAGACTTAAACGA-GTGCAAAAAAATGTAAATTGGTAAAATTTCACACCCGCATAAGTTGATGTAAAACAATAAAATCCATTTGCGACCATACTTGATGTGTGGTT-TTTATTGATTTAAATCAAAGATTCAAGGGTGTTTGAGGAGTATATATACACTCAAGAAACAATGGTTTTACCAATTGGCCGCGACAGGCTGAACAAATCAAATA-ATTTTGCCGGGGAGGCATCACATGATTACAGGTATCCAGATTACTAAAGCCGCTAACGACGATCTGCTGAAC,1
95,AGCTTAACTGCTTATTTCTACAGAACAAAATCATGCTCATTTTTTAGACTTAAACGAGTGCAAAAAAATGTAAATTGGTAAAATTTCACACCCGCATAAGTTGATGTAAAACAATAAAATCCATTTGCGACCACAATCGATGTATGGTTTTTATTGATTTAAATCAAGGAATCAAGGGTTGTTGAGGAGTATATATACACTCAAGCAACAATGGTTTTACCAATTGGCCGCGACAGGCTGAATAAATCAAATAATTTTGCCGGGGAGGCATCACATGATTACAGGTATCCAGATTACTAAAGCCGCTAACGACGATCTGCTGAAC,1,AGCTTAACTGCTTCTTTCTACAGAACAAAATTAAGCTCATTT-TTTAGACATAATCGA-ATGCAAAAAAATGTAAATTGGTAAAATCACATACCCGCATAAGTTGATGTAAAACAATAAAATCCATTCTCGATAATGTTTGATATGTTGTT-TTTATTGATTTAAATCAAAGAATCAGGGGTGTTTGAAGAGTATATATACACTCAAGCAACAATGGTTTTACCAATTGGCCGCGACAGGCTGAACGAATCAAATA-ATTTTGCCGGGGAGGCATCACATGATTACAGGTATCCAGATTACTAAAGCCGCTAACGACGATCTGCTGAAC,20
96,AGCTTAACTGCTTCTTTCTACAGAACAAAATCAAGCTCATTTTTTAGACTTAAACGAGTGCAAAAAAATGTAAATTGGTAAAATTTCACACCTGCATAAGTTGATGTAAAACAATAAAATCCATTTACGACCATACTTGATGTGTGGTTTTTATTGATTTAAATCAAGGAATCAAGGGTGTTTGAGGAGTATATATACACTCAAGCAACAATGGTTTTACCAATTGGCCGCGACAGGCTAAACAAATCAAATAATTTTGCCGGGGAGGCATCACATGATTACAGGTATCCAGATTACTAAAGCTGCTAATGACGATCTGCTGAAC,1,AGCTTAACTGCTTCTTTCTACAGAACAAAATCATGCTCATTT-TTTAGACTTAAACGA-GTGCAAAAAAATGTAAATTGGTAAAATTTCACACCCGCATAAGTTGATGTAAAACAATAAAATCCATTTGCGACCACACTTGATGTGTGGTT-TTTGTTGATTTAAATCAAAGATTCAAGGGTGTTTGAGGAGTATATATACACTCAAGCAACAATGGTTTTACCAATTGGCCGCGACAGGCTGAACAAATCAAATA-ATTTTGCCGGGGAGGCATCACATGATTACAGGTATCCAGATTACTAAAGCCGCTAACGACGATCTGCTGAAC,2
97,AGCTTAACTGCTTCTTTCTACAGAACAAAATCATGCTCATTTTTTAGACTTAAACAAGTGCAAAAAAATGTAAATTGGTAAAATTTCACACCCGCATAAGTTGATGTAAAACAATAAAATCCATTTGCGACCATACTTGATGTGTGGTTTTTATTGATTTAAATCAAAGATTCAAGGGTGTTTGAGGAGTATATATACACTCAAGCAACAATGGTTTTACCAATTGGCCGCGACAGGCTGAACAAATCAAATAATTTTGCCGGGGAGGCATCACATGATTACAGGTATCCAGATTACTAAAGCCGCTAACGACGATCTGCTGAAC,1,AGCTTAACTGCTTCTTTCTACAGAACAAAATCAAGCTCATTT-TTTAGACATAATCGA-GTGCAAAAAAATGTAAATTGGTAAAATTTCACACCCGCATAAGTTGATGTAAAACAATAAAATCTATTTGCGACCGCGCTTGCTGTGTGGTT-TTTATTGATTTAAATCAAAGAATCAAGGGTGTTTGAGGAGTATATATACACTCAAGCAACAATGGTTTTACCAATTGGCCGCGACAGGCTGA-CAAATCAAATA-ATTTTGCCGGGGAGGCATCACATGATTACAGGTATCCAGATTACTAAAGCCGCTAATGACGATCTGCTGAAC,11
98,AGCTTAACTGCTTCTTTCTACAGAACAAAATCATGCTCATTTTTTAGACTTAAACGAGTGCAAAAAAATGTAAATTGGTAAAATTTCACACCCGCATAAGTTGATGTAAAACAATAAAATCCATTTACGACCACAATCGATGCGTGGTTTTTATTGATTTAAATCAAAGAATAAAGGGTGGTTGAGGAGTATATATACACTCAAGCAACAATGGTTTTACCAATTGGCCGCGACAGGCTGAACAAATCAAATAATTTTGCCGGGGAGGCATCACATGATTACAGGTATCCAGATTACTAAAGCCGCTAACGACGATCTGCTGAAC,1,AGCTTAACTGCTTATTTCTACAGAACAAAATCATGCTCATTT-TTTAGACTTAAACGA-GTGCAAAAAAATGTAAATTGGTAAAATTTCACACCCGCATAAGTTGATGTAAAACAATAAAATCCATTTGCGGCCACAATCGATGTGTGGTT-TTTATTGATTTAAATCAAGGAATCAAGGGTTGTTGAGGAGTATATATACACTCAAGCAACAATGGTTTTACCAATTGGCCGCGACAGGCTGAATAAATCAAATA-ATTTTGCCGGGGAGGCATCACATGATTACAGGTATCCAGATTACTAAAGCCGCTAACGACGATCTGCTGAAC,10
99,AGCTTAACTGCTTCTTTCTACAGAACAAAATTAAGCTCATTTTTTAGACATAATCGAATGCAAAAAAATGTAAATTGGTAAAATCACATACCCGCATAAGTTGATGTAAAACAATAAAATCCATTCTCGATAATGTTTGATGTGTTGTTTTTATGATTTAAATCAAAGAATCAGGGGTGTTTGAAGAGTATATATACACTCAAGCAACAATGGTTTTACCAATTGGCCGCGACAGGCTGAACGAATCAAATAATTTTGCCGGGGAGACATCACATGATTACAGGTATCCAGATTACTAAAGCCGCTAACGACGATCTGCTGAAC,1,AGCTTAACTGCTTCTTTCTACAGAACAAAATCATGCTCATTT-TTTAGACTTAAACGA-GTGCAAA-AAATGTAAATTGGTAAAATTTCACACCTGCATAAGTTGATGTAAAACAATAAAATCCATTTGCGACCATGCTTGATGTGTGGTT-TTTATTGATTTAAATCAAAGATTCAAGGGTGTTTGAGGAGTATATATACACTCAAGCAACAATGGTTTTACCAATTGGCCGCGACAGGCTGAACAAATCAAATA-ATTTTGCCGGGGAGGCATCACATGATTACAGGTATCCAGATTACTAAAGCCGCTAACGACGATCTGCTGAAC,3
100,AGCTTAACTGCTTCTTTCTACAGAACAAAATCATGCTCATTTTTTAGACTTAAACGAGTGCAAAAAAATGTAAATTGGTAAAATTTCACACCCGCATAAGTTGATGTAAAACAATAAAATCCATTTACGACCACAATCGATGTGTGGTTTTTATTGATTTAAATCAAAGAATCAAGGGTAGTTGAGGAGTATATATACACTCAAGCAACAATGGTTTTACCAATTGGCCGCGACAGGCTGAACAAATCAAATAATTTTGCCGGGGAGGCATCACATGATTACAGGTATCCAGATTACTAAAGCCGCTAACGACGATCTGCTGAAC,1,AGCTTAACTGCTTCTTTCTACAGAACAAAATCATGCTCATTT-TTTAGACTTAAACGA-GTGCAAAAAAATGTAAATTGGTAAAATTTCACACCCGCATAAGTTGATGTAAAACAATAAAATCCATTTACGACCACAATAGATGTGTGGTT--TTATTGATTTAAATCAAAGAATCAAGGGTGGTTGAGGAGTATATATACACTCAAGCAACAATGGTTTTACCAATTGGCCGCGACAGGCTGAACAAATCAAATA-ATTTTGCCGGGGAGGCATCACATGATTACAGGTATCCAGATTACTAAAGCCGCTAACGACGATCTGCTGAAC,7
101,AGCTTAACTGCTTCTTTCTACAGAACAAAATCAAGCTCATTTTTTAGACATAATCGAGTGCAAAAAAATGTAAATTGGTAAAATTTCGCACCCGCATAAGTTGATGTAAAACAATAAAATCTATTTGCGACCACGCTTAGCGTGTGGTTTTTATTGATTTAAATCAAAGAATCAAGGGTGTTTGAGGAGTATATATACACTCAAGCAACAATGGTTTTACCAATTGGCCGCGACAGGCTGACAAATCAAATAATTTTGCCGGGGAGGCATCACATGATTACAGGTATCCAGATTACTAAAGCCGCTAATGACGATCTGCTGAAC,1,AGCTTAACTGCTTCTTTCTACAGAACAAAATCATGCTCATTT-TATAGACAAAAAGAC-ATGCAAAAAAATGTAAATTGGTAAAATTTCACATCTGCATAAGTTGATGTAAAACAATAAAATCCATTTGTGACCACACTTGATATATGGTT-TTTATTGATTTAAATCAAAGAATCAAGGGTGTTTGAGGAGTATATATACACTCAAGCAACAATGGTTTTACCAATTGGCCGCGACAGGCTGAACAAATCAAATA-ATTTTGCCGGGGAGGCATCACATGATTACAGGTATCCAGATTACTAAAGCCGCTAACGACGATCTGCTGAAC,14
102,AGCTTAACTGCTTCTTTCTACAGAACAAAATTAAGCTCATTTTTTAGACATAATCGAATGCAAAAAAATGTAAATTGGTAAAATCACATACCCGTATAAGTTGATGTAAAACAATAAAATCCATTCTCGATAATGTTTGATGTGTTGTTTTTATTGATTTAAATCAAAGAATCGGGGGTGTTTGAAGAGTATATATACACTCAAGCAACAATGGTTTTACCAATTGGCCGCGACAGGCTGAACGAATCAAATAATTTTGCCGGGGAGGCATCACATGATTACAGGTATCCAGATTACTAAAGCCGCTAACGACGATCTGCTGAAC,1,AGCTTAACTGCTTCTTTCTACAGAACAAAATCATGCTCATTT-TATAGACAAAAAGAC-ATGCAAAAAAATGTAAATTGGTAAAATTTCACATCTGCATAAGTTGATGTAAAACAATAAAATCCATTTGTGACCACACTTGATATGTGGTT-TTTGTTGATTTAAATCAAAGAATCAAGGGTGTTTGAGGAGTATATATACACTCAAGCAACAATGGTTTTACCAATTGGCCGCGACAGGCTGAACAAATCAAATA-ATTTTGCCGGGGAGGCATCACATGATTACAGGTATCCAGATTACTAAAGCCGCTAACGACGATCTGCTGAAC,14
103,AGCTTAACTGCTTCTTTCTACAGAACAAAATCATGCTCATTTTTAGACTTAAACGAGTGCAAAAAAATGTAAATTGGTAAAATTTCACACCCGCATAAGTTGATGTAAAACAATAAAATCCATTTACGACCACAATCGATGTGTGGTTTTTATTGATTTAAATCAAAGAATCAAGGGTGGTTGAGGAGTATATATACACTCAAGCAACAATGGTTTTACCAATTGGCCGCGACAGGCTGAACAAATCAAATAATTTTGCCGGGGAGGCATCACATGATTACAGGTATCCAGATTACTAAAGCCGCTAACGACGATCTGCTGAAC,1,AGCTTAACTGCTTCTTTCTACAGAACAAAATCATGCTCATTT-TTTAGACTTAAACGA-GTGCAAAAAAATGTAAATTGGTAAAATTTCACACCTGCATAAGTTGATGTAAAACAATAAAATCCATTTGCGACCACACTTGATGTGTGGTT-TTTATTGATTTAAATCAAAGATTCAAGGGTGTTTGAGGAGTATATATACACTCAAGCAACAATGGTTTTACCAATTGGCCGCGACAGGCTGAACAAATCAAATA-ATTTTGCCGGGGAGGCATCACATGATTACAGGTATCCAGATTACTAAAGCCGCTAACGACGATCTGCTGAAC,2
104,AGCTTAACTGCTTCTTTCTACAGAACAAAATCATGCTCATTTTATAGACAAAAAGACATGCAAAAAAATGTAAATTGGTAAAATTTCACATCTGCATAAGTTGATGTAAAACAATAAAATCAATTTGTGACCACACTTGATATGTGGTTTTTATTGATTTAAATCAAAGAATCAAGGGTTTTTGAGGAGTATATATACACTCAAGCAACAATGGTTTTACCAATTGGCCGCGACAGGCTGAACAAATCAAATAATTTTGCCGGGGAGGCATCACATGATTACAGGTATCCAGATTACTAAAGCCGCTAACGACGATCTGCTGAAC,1,AGCTTAACTGCTTATTTCTACAGAACAAAATCATGCTCATTT-TTTAGACTTAAACGA-GTGCAAAAAAATGTAAATTGGTAAAATTTCACACCCGCATAAGTTGATGTAAAACAATAAAATCCATTTGCGACCACAATCGATGTGTGGTT-TTTATTGATTTAAATCAAGGAATCAAGGGTTGTTGAGGAGTATATATACACTCAAGCAACAATGGTTTTACCAATTGGCCGCGACAGGCTGAATAAATCAAATA-ATTTTGCCGGGGAGGCATCACATGATTACAGGTATCCAGATTACTAAAGCCGCTAACGACGAACTGCTGAAC,10
105,AGCTTAACTGCTTCTTTCTACAGAACAAAACCAGGCTCGCTTTTTAGCCAAAAACACGTGAAAAAAAATGTAAATTGGTAAAATTTCACACCTGCATAAGTTGATGTAAAACAATAAAATCCATTTACAACCATACTTGATGTGTGGTTTTTATTGATTTAAATCAAAGAATCAAGGGTGTTTGAGGAGTATATATACACTCAAGCAACAATGGTTTTACCAATTGGCCGCGACAGGCTGATCAAATCAAATAAATTTTGCCGGGGAGGCATCACATGATTACAGGTATCCAGATTACTAAAGCCGCTAACGACGATCTGCTGAAC,1,AGCTTAACTGCTTCTTTCTACAGAACAAAATCATGCTCATTT-TTTAGACTTAAACGA-GTGCAAA-AAATGTAAATTGGTAAAATTTCACACCCGCATAAGTTGATGTAAAACAATAAAATCCATTTGCGACCACAATCGATGTGTGGTT-TTTATTGATTTAAATCAAAGAATCAAGGGTGTTTGAGGAGTATATATACACTCAAGCAACAATGGTTTTACCAATTGGCCGCGACAGGCTGAACAAATCAAATA-ATTTTGCCGGGGAGGCATCACATGATTACAGGTATCCAGATTACTAAAGCCGCTAACGACGATCTGCTGAAC,5
106,AGCTTAACTGCTTCTTTCTACAGAACAAAATCAAGCTCGTTTTTTAGACACAATCGAGTGCAAAAAAATGTAAATTGGTAAAATTTCACACCCGCATAAGTTGATGTAAAACAATAAAATCTATTTGTGACCACGCTTACTGTGTGGTTTTTATTGATTTAAATCAAAGAATCAAGGGTGTTTGAGGAGTATATATACACTCAAGCAACAATGGTTTTACCAATTGGCCGCGACAGGCTGACAAATCAAATAATTTTGCCGGGGAGGCATCACATGATTACAGGTATCCAGATTACTAAAGCCGCTAATGACGATCTGCTGAAC,1,AGCTTAACTGCTTCTTTCTACAGAACAAAACCAGGCTCGCTT-TTTAGCCAAAAACAC-GTGAAAAAAAATGTAAATTGGTAAAATTTCACACCTGCATAAGTTGATGTAAAACAATAAAATCCATTTACGACCACACTTGATGTATGGTT-TTTATTGATTTAAATCAAAGAATCAAGGATGTTTGAGGAGTATATATACATTCAAGCAACAATGGTTTTACCAATTGGCCGCGACAGGCTAAACAAATCAAATA-ATTTTGCCGGGGAGGCATCACATGATTACAGGTATCCAGATTACTAAAGCTGCTAATGACGATCTGCTGAAC,20
107,AGCTTAACTGCTTATTTCTACAGAACAAAATCATGCTCATTTTTTAGACTTAAACGAGTGCAAAAAAATGTAAATTGGTAAAATTTCACACCCGCATAAGTTGATGTAAAACAATAAAATCCATTTGCGACCACAATCGATGTGTGGTTTTTATTGATTTAAATCAAGGAATCAAGGTTTGTTGAGGAGTATATATACACTCAAGCAACAATGGTTTTACCAATTGGCCGCGACAGGCTGAATAAATCAAATAATTTTGCCGGGGAGGCATCACATGATTACAGGTATCCAGATTACTAAAGCCGCTAACGACGATCTGCTGAAC,1,AGCTTAACTGCTTCTTTCTACAGAACAAAATCATGCTCATTT-TTTAGACTTAAACGA-GTGCAAAAAAATGTAAATTGGTAAAATTTCATACCTGCATAAGTTGATGTAAAACAATAAAATCCATTTGCGACTATACTTGATGTGTGGTT-TTTATTGATTTAAATCAAAGATTCAAGGGTGTTTGAGGAGTATATATACACTCAAGCAACAATGGTTTTACCAATTGGCCGCGACAGGCTGAACAAATCAAATA-ATTTTGCCGGGGAGGCATCACATGATTACAGGTATCCAGATTACTAAAGCCGCTAACGACGATCTGCTGAAC,3
108,AGCTTAACTGCTTCTTTCTACAGAACAAAATTAAGCTCATTTTTTAGACATAATCGAATGCAAAAAAATGTAAATTGGTAAAATCACATACCCGCATAAGTTGATGTAAAACAATAAAATCCATTCTCGATAATGTTTGATGTGTTGTTTTTATTGATTTAAATCAAAGAATCAGGGGTGTTTGAAGAGTATATATACACTCAAGCAACAATGGTTTTACCAATTGGCCGCGACAGGCTGAACGAATCAAATAATTTTGCCGGGGAGACATCACATGATTACAGGTATCCAGATTACTAAAGCCGCTAACGACGATCTGCTGAAC,1,AGCTTAACTGCTTCTTTCTACAGAACAAAATCATGCTCATTT-TATAGACAAAAAGAC-ATGCAAAAAAATGTAAATTGGTAAAATTTCACATCTGCATAAGTTGATGTAAAACAATAAAATCCATTTGTGACCACACTTGATATGTGGTT--TTGTTGATTTAAATCAAAGAATCAAGGGTGTTTGAGGAGTATATATACACTCAAGCAACAATGGTTTTACCAATTGGCCGCGACAGGCTGAACAAATCAAATA-ATTTTGCCGGGGAGGCATCACATGATTACAGGTATCCAGATTACTAAAGCCGCTAACGACGATCTGCTGAAC,15
109,AGCTTAACTGCTTCTTTCTACAGAACAAAATCATGCTCATTTTTTAGACTTAAACGAGTGCAAAAAAATGTAAATTGGTAAAATTTCACACCTGCATAAGTTGATGTAAAACAATAAAATCCATTTGCGACCATACTTGATGTGTGGTTTTTATTGATTTAAATCAAAGATTCAAGGGTGTTTGAGGAGTATATATACACTCAAGCAACAATGGTTTTACCAATTGGCCGTGACAGGCTGAACAAATCAAATAATTTTGCCGGGGAGGCATCACATGATTACAGGTATCCAGATTACTAAAGCCGCTAACGACGATCTGCTGAAC,1,AGCTTAACTGCTTCTTTCTACAGAACAAAATCATGCTCATTT-TTTAGACTTAAACGA-GTGCAAAAAAATGTAAATTGGTAAAATTTCACACCCGCATAAGTTGATGTAAAACAATAAAATCCATTTGCGACCACAATTGATGTGTGGTT-TTTATTGATTTAAATCAAAGAATCAAGGGTGTTTGAGGAGTATATATACACTCAAGCAACAATGGTTTTACCAATTGGCCGCGACAGGCTGAACAAATCAAATA-ATTTTGCCGGGGAGGCATCACATGATTACAGGTATCCAGATTACTAAAGCCGCTAACGACGATCTGCTGAAC,3
110,AGCTTAACTGCTTCTTTCTACAGAACAAAATCATGCTCATTTTTTAGACTTAAACGAGTGCAAAAAAATGTAAATTGGTAAAATTTCACACCCGCATAAGTTGATGTAAAACAATAAAATCCATTTACGACCACAATCGATGCGTGGTTTTTATTGATTTAAATCAAAGAATCAAGGGTAGTTGAGGAGTATATATACACTCAAGCAACAATGGTTTTACCAATTGGCCGCGACAGGCTGAACAAATCAAATAATTTTGCCGGGGAGGCATCACATGATTACAGGTATCCAGATTACTAAAGCCGCTAACGACGATCTGCTGAAC,1,AGCTTAACTGCTTCTTTCTACAGAACAAAATCATGCTCATTT-TTTAGACTTAAACGA-GTGCAAAAAAATGTAAATTGGTAAAATTTCACACCCGCATAAGTTGATGTAAAACAATAAAATCCATTTACGACCACAATCGATGTGTGGTT-TTTATTGATTTAAATCAAGGAATCAAGGGTGGTTGAGGAGTATATATACACTCAAGCAACAATGGTTTTACCAATTGGCCGCGACAGGCTGAACAAATCAAATA-ATTTTGCCGGGGAGGCATCACATGATTACAGGTATCCAGATTACTAAAGCCGCTAACGACGATCTGCTGAAC,7
111,AGCTTAACTGCTTCTTTCTACAGAACAAAATCAAGCTCATTTTTTAGACATAATCGAATGCAAAAAAATGTAAATTGGTAAAATCACACACTCGCATAAGTTGATGTAAAACAATAAAATCCATTCTCGATAATGTTTGATGTGTGGTTTTTATTGATTTAAATCAAAGAATCAGGGGTGTTTGAAGAGTATATATACACTCAAGCAACAATGGTTTTACCAATTGGCCGCGACAGGCTGAACGAATCAAATAATTTTGCCGGGGAGGCATCACATGATTACAGGTATCCAGATTACTAAAGCCGCTAACGACGATCTGCTGAAC,1,AGCTTAACTGCTTCTTTCTACAGAACAAAATCATGCTCATTTTTTTAGACTTAAACGA-GTGCAAAAAAATGTAAATTGGTAAAATTTCACACCCGCATAAGTTGATGTAAAACAATAAAATCCATTTACGACCACAATCGATGTGTGGTT-TTTATTGATTTAAATCAAAGAATCAAGGGTGGTTGAGGAGTATATATACACTCAAGCAACAATGGTTTTACCAATTGGCCGCGACAGGCTGAACAAATCAAATA-ATTTTGCCGGGGAGGCATCACATGATTACAGGTATCCAGATTACTAAAGCCGCTAACGACGATCTGCTGAAC,7
112,AGCTTAACTGCTTCTTTCTACAGAACAAAATCATGCTCATTTTATAGACAAAAAGACATGCAAAAAAATGTAAATTGGTAAAATTTCACACCTGCATAAGTTGATGTAAAACAATAAAATCCATTTGTGACCACATTCGATATGTGGTTTTTATTGATTTAAATCAAGGAATCAAGGGTGTTTGAGGAGTATATATACACTCAAGCAACAATGGTTTTACCAATTGGCCGCGACAGGCTGAACAAATCAAATAATTTTGCCGGGGAGGCATCACATGATTACAGGTATCCAGATTACTAAAGCCGCTAATGACGATCTGCTGAAC,1,AGCTTAACTGCTTCTTTCTACAGAACAAAATCATGCTCATTT-TATAGACAAAAAGAC-ATGCAAAAAAATGTAAATTGGTAAAATTTCACATCTGAATAAGTTGATGTAAAACAATAAAATCCATTTGTGACCACACTTGATATGTGGTT-TTTGTTGATTTAAATCAAAGAATCAAGGGTGTTTGAGGAGTATATATACACTCAAGCAACAATGGTTTTACCAATTGGCCGCGACAGGCTGAACAAATCAAATA-ATTTTGCCGGGGAGGCATCACATGATTACAGGTATCCAGATTACTAAAGCCGCTAACGACGATCTGCTGAAC,15
113,AGCTTAACTGCTTCTTTCTACAGAACAAAATCATGCTCATTTTTTAGACTTAAACGAGTGCAAAAAAATGTAAATTGGTAAAATTTCACACCCGCATAAGTTGATGTAAAACAATAAAATCCATTTGTTACCACAATCGATGTGTGGTTTTTATTGATTTAAATCAAAGAATCAAGGGTGGTTGAGGAGTATATATACACTCAAGCAACAATGGTTTTACCAATTGGCCGCGACAGGCTGAACAAATCAAATAATTTTGCCGGGGAGGCATCACATGATTACAGGTATCCAGATTACTAAAGCCGCTAACGACGATCTGCTGAAC,1,AGCTTAACTGCTTCTTTCTACAGAACAAAATTAAGCTCATTT-TTTAGACATAATCGA-ATGCAAAAAAATGTAAATTGGTAAAATCACATACCCGTATAAGTTGATGTAAAACAATAAAATCCATTCTCGATAATGTTTGATGTGTTGTT-TTTATTGATTTAAATCAAAGAATCAGGGGTGTTTGAAGAGTATATATACACTCAAGCAACAATGGTTTTACCAATTGGCCGCGACAGGCTGAACGAATCAAATA-ATTTTGCCGGGGAGGCATCACATGATTACAGGTATCCAGATTACTAAAGCCGCTAACGACGATCTGCTGAAC,20
114,AGCTTAACTGCTTCTTTCTACAGAACAAAATCATGCTCATTTTTTAGACTTAAACGAGTGCAAAAAAAGGTAAATTGGTAAAAATTTACACCCGCATAAGTTGATGTAAAACAATAAAATCCATTTACGACCACAATCGATGTGTGGTTTTTATTGATTTAAATCAAAGAATCAAGGGTGGTTGAGGAGTATATATACACTCAAGCAACAATGGTTTTACCAATTGGCCGCGACAGGCTGAACAAATCAAATAATTTTGCCGGGGAGGCATCACATGATTACAGGTATCCAGATTACTAAAGCCGCTAACGACGATCTGCTGAAC,1,AGCTTAACTGCTTCTTTCTACAGAACAAAATCATGCTCATTT-TATAGACAAAAAGAC-ATGCAAAAAAATGTAAATTGGTAAAATTTCACACCTGCATAAGTTGATGTAAAACAATAAAACCCATTTGTGACCACACTCGATATGTATTT-TTTATTGATTTAAATCAAAGAATCAAGGGTGATTGAGGAGTATATATACACTCAAGCAACAATGGTTTTACCAATTGGCCGCGACAGGCTGAACAAATCA-ATA-ATTTTGCCGGGGAGGCATCACATGATTACAGGTATCCAGATTACTAAAGCCGCTAATGACGATCTGCTGAAC,19
115,AGCTTAACTGCTTATTTCTACAGAACAAAATCATGCTCATTTTTTAGACTTAAACGAGTGCAAAAAAATGTAAATTGGTAAAATTTCACACCCGCATAAGTTGATGTAAAACAATAAAATCCATTTACGACCACAATCGATGTGTGGTTTTTATTGATTTAAATCAAAGAATCAAGGGTGGTTGAGGAGTATATATACACTCAAGCAACAATGGTTTTACCAATTGGCCGCGACAGGCTGAACAAATCAAATAATTTTGCCGGGGAGGCATCACATGATTACAGGTATCCAGATTACTAAAGCCGCTAACGACGATCTGCTGAAC,1,AGCTTAACTGCTTCTTTCTACAGAACAAAATCATGCTCATTT-TTTAGACTTAAACGA-GTGCAAAAAAATGTAAATTGGTAAAATTTCACACCCGCATAAGTTGATGTAAAACAATAAAATCCATTTGTGACCACAATCGATGTGTGGTT-TTTATTGATTTAAATCAAAGAATCAAGGGTGGTTGAGGAGTATATATACACTCAAGCAACAATGGTTTTACCAATTGGCCGCGACAGGCTGAACAAATCAAATA-ATTTTGCCGGGGAGGCATCACATGATTACAGGTATCCAGATTACTAAAGCCGCTAACGACGATCTGCTGAAC,6
116,AGCTTAACTGCTTATTTCTACAGAACAAAATCATGCTCATTTTTTAGACTTAAACGAGTGCAAAAAAATGTAAATTGGTAAAATTTCACACCCGCATAAGTTGATGTAAAACAATAAAATCCATTTGCGACCACAATCGATGTGTGGTTTTTATTGATTTAAATCAAGGAATCAAGGGTTGTTGAGGAGTATATATACACTCAAGCAACAATGGTTTTACCAATTGGCCGCGACAGGCTGAATAAATCAAATAATTTTGCCGGGGAGGCATCACATGATTACAGGTATCCAGATTACTAAAGCCGCTAACGACGAACTGCTGAAC,1,AGCTTAACTGCTTCTTTCTACAGAACAAAATCATGCTCATTT-TTTAGACTTAAACGA-GTGCAAAAAAATGTAAATTGGTAAAATTTCACACCCGCATAAGTTGATGTAAAACAATAAAATCCATTTACGACCACAATCGATGTGTGGTT-TTTATTGATTTAAATCAAAGAATCAAGGGTGGTTGAGGAGTATATATACACTCAAGCAACAATGGTTTTACCAATTGGCCGAGACAGGCTGAACAAATCAAATA-ATTTTGCCGGGGAGGCATCACATGATTACAGGTATCCAGATTACTAAAGCCGCTAACGACGATCTGCTGAAC,7
117,AGCTTAACTGCTTCTTTCTACAGAACAAAATCATGCTCATTTTTTAGACTTAAACGAGTGCAAAAAATGTAAATTGGTAAAATTTCACACCCGCATAAGTTGATGTAAAACAATAAAATCCATTTGCGACCACAATCGATGTGTGGTTTTTATTGATTTAAATCAAAGAATCAAGGGTGTTTGAGGAGTATATATACACTCAAGCAACAATGGTTTTACCAATTGGCCGCGACAGGCTGAACAAATCAAATAATTTTGCCGGGGAGGCATCACATGATTACAGGTATCCAGATTACTAAAGCCGCTAACGACGATCTGCTGAAC,1,AGCTTAACTGCTTCTTTCTACAGAACAAAATCATGCTCATTT-TTTAGACTTAAACGA-GTGCAAAAAAATGTAAATTGGTAAAATTTCACACCTGCATAAGTTGATGTAAAACAATAAAATCCATTTACGACCATACTTGATGTGTGGTT-TTTATTGATTTAAATCAAAGATTCAAGGGTGTTTGAGGAGTATATATACACTCAAGCAACAATGGTTTTACCAATTGGCCGCGACAGGCTGAACAAATCAAATA-ATTTTGCCGGGGAGGCATCACATGATTACAGGTATCCAGATTACTAAAGCCGCTAACGACGATCTGCTGAAC,2
118,AGCTTAACTGCTTCTTTCTACAGAACAAAACCAGGCTCGCTTTTTAGCCAAAAACACGTGAAAAAAAATGTAAATTGGTAAAATTTCACACCTGCATAAGTTGATGTAAAACAATAAAATCCATTTACGACCACACTTGATGTATGGTTTTTATTGATTTAAATCAAAGAATCAAGGATGTTTGAGGAGTATATATACATTCAAGCAACAATGGTTTTACCAATTGGCCGCGACAGGCTAAACAAATCAAATAATTTTGCCGGGGAGGCATCACATGATTACAGGTATCCAGATTACTAAAGCTGCTAATGACGATCTGCTGAAC,1,AGCTTAACTGCTTCTTTCTACAGAACAAAATCATGCTCATTT-TTTAGACTTAAACGA-GTGCAAAAAAATGTAAATTGGTAAAATTTCACACCCGCATAAGTTGATGTAAAACAATAAAATCCATTTGCGACCACAATCGATGTGTGGTT-TTTATTGATTTAAATCAAAGAATCAAGGGTGTTTGAGGAGTATATATACACTCAAGCAACAATGGTTTTACCAATTGGCCGCGACAGGCTGAACAAATCAAATA-ATTTTGCCGGGGAGGCATCACATGATTACAGGTATCCAGATTACTAAAGCCGCTAACGACGATCTGCTGAAC,4
119,AGCTTAACTGCTTCTTTCTACAGAACAAAATCATGCTCATTTTTTAGACTTAAACGAGTGCAAAAAAATGTAAATTGGTAAAATTTCATACCTGCATAAGTTGATGTAAAACAATAAAATCCATTTGCGACTATACTTGATGTGTGGTTTTTATTGATTTAAATCAAAGATTCAAGGGTGTTTGAGGAGTATATATACACTCAAGCAACAATGGTTTTACCAATTGGCCGCGACAGGCTGAACAAATCAAATAATTTTGCCGGGGAGGCATCACATGATTACAGGTATCCAGATTACTAAAGCCGCTAACGACGATCTGCTGAAC,1,AGCTTAACTGCTTCTTTCTATAGAACAAAATCATGCTCATTT-TATAGACAAAAAGAC-ATGCAAAAAAATGTAAATTGGTAAAATTTCACACCTGCATAAGTTGATGTAAAACAATAAAATCCATTTACGACCATACTTGATGTGTGGTT-TTTTTTGATTTAAATCAAAGAATCAAGGGTGTTTGAGGAGTATATATACACTCAAGCAACAATGGTTTTACCAATTGGCCGCGACAGGCTGATCAAATCAAATAAATTTTGCCGGGGAGGCATCACATGATTACAGGTATCCAGATTACTAAAGCCGCTAACGACGATCTGCTGAAC,14
120,AGCTTAACTGCTTCTTTCTACAGAACAAAATCATGCTCATTTTATAGACAAAAAGACATGCAAAAAAATGTAAATTGGTAAAATTTCACATCTGCATAAGTTGATGTAAAACAATAAAATCCATTTGTGACCACACTTGATATGTGGTTTTGTTGATTTAAATCAAAGAATCAAGGGTGTTTGAGGAGTATATATACACTCAAGCAACAATGGTTTTACCAATTGGCCGCGACAGGCTGAACAAATCAAATAATTTTGCCGGGGAGGCATCACATGATTACAGGTATCCAGATTACTAAAGCCGCTAACGACGATCTGCTGAAC,1,AGCTTAACTGCTTCTTTCTACAGAACAAAATCATGCTCATTT-TTTAGACTTAAACGA-GTGCAAAAAAATGTAAATTGGTAAAATTTCACACCCGCATAAGTTGATGTAAAACAATAAAATCTATTTGCGACCACACTTGATGTGTGGTT-TTTATTGATTTAAATCAAAGATTCAAGGGTGTTTGAGGAGTATATATACACTCAAGCAACAATGGTTTTACCAATTGGCCGCGACAGGCTGAACAAATCAAATA-ATTTTGCCGGGGAGGCATCACATGATTACAGGTATCCAGATTACTAAAGCCGCTAACGACGATCTGCTGAAC,2
121,AGCTTAACTGCTTCTTTCTACAGAACAAAATCATGCTCATTTTTTAGACTTAAACGAGTGCAAAAAAATGTAAATTGGTAAAATTTCACACCCGCATAAGTTGATGTAAAACAATAAAATCCATTTGCGACCACAATTGATGTGTGGTTTTTATTGATTTAAATCAAAGAATCAAGGGTGTTTGAGGAGTATATATACACTCAAGCAACAATGGTTTTACCAATTGGCCGCGACAGGCTGAACAAATCAAATAATTTTGCCGGGGAGGCATCACATGATTACAGGTATCCAGATTACTAAAGCCGCTAACGACGATCTGCTGAAC,1,AGCTTAACTGCTTCTTTCTACAGAACAAAATCATGCTCATTT-TTTAGACTTAAACGA-GTGCAAAAAAATGTAAATTGGTAAAATTTCACACCTGTATAAGTTGATGTAAAACAATAAAATCCATTTGCGACCATACTTGATGTATGGTT-TTTATTGATTTAAATCAAAGATTCAAGGGTGTTTGAGGAGTATATATACACTCAAGCAACAATGGTTTTACCAATTGGCCGCGACAGGCTGAACAAATCAAATA-ATTTTGCCGGGGAGGCATCACATGATTACAGGTATCCAGATTACTAAAGCCGCTAACGACGATCTGCTGAAC,3
122,AGCTTAACTGCTTCTTTCTACAGAACAAAATCATGCTCATTTTTTAGACTTAAACGAGTGCAAAAAAATGTAAATTGGTAAAATTTCACACCCGCATAAGTTGATGTAAAACAATAAAATCCATTTACGACCACAATCGATGTGTGGTTTTTATTGATTTAAATCAAGGAATCAAGGGTGGTTGAGGAGTATATATACACTCAAGCAACAATGGTTTTACCAATTGGCCGCGACAGGCTGAACAAATCAAATAATTTTGCCGGGGAGGCATCACATGATTACAGGTATCCAGATTACTAAAGCCGCTAACGACGATCTGCTGAAC,1,AGCTTAACTGCTTCTTTCTACAGAACAAAATCATGCTCATTT-TTTAGACTTAAACGA-GTGCAAAAAAATGTAAATTGGTAAAATTTCACACCCGCATAAGTTGATGTAAAACAATAAAATCCATTTACGACCACAATTGATGTGTGGTT-TTTATTGATTTAAATCAAAGAATCAAGGGTGGTTGAGGAGTATATATACACTCAAGCAACAATGGTTTTACCAATTGGCCGCGACAGGCTGAACAAATCAAATA-ATTTTGCCGGGGAGGCATCACATGATTACAGGTATCCAGATTACTAAAGCCGCTAACGACGATCTGCTGAAC,5
123,AGCTTAACTGCTTCTTTCTACAGAACAAAATCATGCTCATTTTTTTAGACTTAAACGAGTGCAAAAAAATGTAAATTGGTAAAATTTCACACCCGCATAAGTTGATGTAAAACAATAAAATCCATTTACGACCACAATCGATGTGTGGTTTTTATTGATTTAAATCAAAGAATCAAGGGTGGTTGAGGAGTATATATACACTCAAGCAACAATGGTTTTACCAATTGGCCGCGACAGGCTGAACAAATCAAATAATTTTGCCGGGGAGGCATCACATGATTACAGGTATCCAGATTACTAAAGCCGCTAACGACGATCTGCTGAAC,1,AGCTTAACTGCTTCTTTCTACAGAACAAAATCATGCTCATTT-TATAGACAAAAAGAC-ATGCAAAAAAATGTAAATTGGTAAAATTTCACACCTGCATAAGTTGATGTAAAACAATAAAATCCATTTGTGACCACATTCGATATGTGGTT-TTTATTGATTTAAATCAAAGAATCAAGGGTGTTTGAGGAGTATATATACACTCAAGCAACAATGGTTTTACCAATTGGCCGCGACAGGCTGAACAAATCAAATA-ATTTTGCCGGGGAGGCATCACATGATTACAGGTATCCAGATTACTAAAGCCGCTAACGACGATCTGCTGAAC,14
124,AGCTTAACTGCTTCTTTCTACAGAACAAAACCAGGCTCGCTTTTTAGCCAAAAACACGTGAAAAAAAATGTAAATTGGTAAAATTTCACACCTGCATAAGTTGATGTAAAACAATAAAATCCATTTTCGACCATACTTGATGTGTGGTTTTTATTGATTTAAATCAAAGAATCAAGGGTGTTTGAGGAGTATATATACACTCAAGCAACAATGGTTTTACCAATTGGCCGCGACAGGCTGATCAAATCAAATAAATTTTGCCGGGGAGGCATCACATGATTACAGGTATCCAGATTACTAAAGCCGCTAACGACGATCTGCTGAAC,1,AGCTTAACTGCTTCTTTCTACAGAACAAAATCATGTTCATTT-TATAGACAAAAAGAC-ATGCAAAAAAATGTAAATTGGTAAAATTTCACATCTGCATAAGTTGATGTAAAACAATAAAATCCATTTGTGACCACACTTGATATATGGTT-TTTATTGATTTAAATCAAAGAATCAAGGGTGTTTGAGGAGTATATATACACTCAAGCAACAATGGTTTTACCAATTGGCCGCGACAGGCTGAACAAATCAAATA-ATTTTGCCGGGGAGGCATCACATGATTACAGGTATCCAGATTACTAAAGCCGCTAACGACGATCTGCTGAAC,15
125,AGCTTAACTGCTTCTTTCTACAGAACAAAATCATGCTCATTTTATAGACAAAAAGACATGCAAAAAAATGTAAATTGGTAAAATTTCACACCTGCATAAGTTGATGTAAAACAATAAAACCCATTTGTGACCACACTCGATATGTGTTTTTTTATTGATTTAAATCAAAGAATCAAGGGTGATTGAGGAGTATATATACACTCAAGCAACAATGGTTTTACCAATTGGCCGCGACAGGCTGAACAAATCAATAATTTTGCCGGGGAGGCATCACATGATTACAGGTATCCAGATTACTAAAGCCGCTAATGACGATCTGCTGAAC,1,AGCTTAACTGCTTCTTTCTACAGAACAAAATCATGCTCATTT-TTTAGACTTAAACGA-GTGCAAAAAAATGTAAATTGGTAAAATTTCACACCCGCATAAGTTGATGTAAAACAATAAAATCCATTTACGACCACAATTGATGTGTGGTT-TTTATTGATTAAAATCAAAGAATCAAGGGTGGTTGAGGAGTATATATACACTCAAGCAACAATGGTTTTACCAATTGGCCGCGACAGGCTGAACAAATCAAATA-ATTTTGCCGGGGAGGCATCACATGATTACAGGTATCCAGATTACTAAAGCCGCTAACGACGATCTGCTGAAC,6
126,AAATCATGCTCATTTTTTAGACTTAAACGAGTGCAAAAAAATGTAAATTGGTAAAATTTCACACCCGCATAAGTTGATGTAAAACAATAAAATCCATTTGCGACCATACTTGATGTGTGGTTTTTATTGATTTAAATCAAAGATTCAAGGGTGTTTGAGGAGTATATATACACTCAAGCAACAATGGTTTTACCAATTGGCCGCGACAGGCTGAACAAATCAAATAATTTTGCCGGGGAGGCATCACATGATTACAGGTATCCAGATTACTAAAGCCGCTAACGACGATCTGCTGAAC,1,AGCTTAACTGCTTCTTTCTACAGAACAAAATCATGCTCATTT-TTTAGACTTAAACGA-GTGCAAAAAAATGTAAATTGGTAAAATTTCACACCCGCATAAGTTGATGTAAAACAATAAAATCCATTTGCGACCATACTTGATGTGTGTTT-TTTATTGATTTAAATCAAAGATTCAAGGGTGTTTGAGGAGTATATATACACTCAAGCAACAATGGTTTTACCAATTGGCCGCGACAGGCTGAACAAATCAAATA-ATTTTGCCGGGGAGGCATCACATGATTACAGGTATCCAGATTACTAAAGCCGCTAACGACGATCTGCTGAAC,1
127,AGCTTAACTGCTTCTTTCTACAGAACAAAATCATGCTCATTTTTTAGACTTAAACGAGTGCAAAAAAATGTAAATTGGTAAAATTTCACACCCGCATAAGTTGATGTAAAACAATAAAATCCATTTGCGACCATACTTGATGTGTGGTTTTTATTGATTTAAATCAAAGATTCAAGGGTGTTTGAGGAGTATATATACACTCAAGCAACAATGGTTTTACCAATTGGCCGCGACAGGCTGAACAATCAAATAATTTTGCCGGGGAGGCATCACATGATTACAGGTATCCAGATTACTAAAGCCGCTAACGACGATCTGCTGAAC,1,AGCTTAACTGCTTCTTTCTACAGAACAAAATTAAGCTCATTT-TTTAGACATAATCGA-ATGCAAAAAAATGTAAATTGGTAAAATCACATACCCGCATAAGTTGATGTAAAACAATAAAATCCATTCTCGATAATGTTTGATGTGTTGTT-TTTATTGATTTAAATCAAAGAATCAGGGGTGTTTGAAGAGTATATATACACTCAAGCAACAATGGTTTTACCAATTGGCCGCGACAGGCTGAACGAATCAAATA-ATTTTGCCGGGGAGGCATCACATGATTACAGGTATCCAGATTACTAAAGCCGCTAACGACGATCTGCTGAAC,19
128,AGCTTAACTGCTTCTTTCTACAGAACAAAATCAAGCTCATTTTTTAGACATAATCGAGCGCAAAAAAATGTAAATTGGTAAAATTTCACACCCGCATAAGTTGATGTAAAACAATAAAATCTATTTGCGACCACGTTTAGTGTGTGGTTTTTATTGATTTAAATCAAAGAATCAAGGGTGTTTGAGGAGTATATATACACTCAAGCAACAATGGTTTTACCAATTGGCCGCGACAGGCTGACAAATCAAATAATTTTGCCGGGGAGGCATCACATGATTACAGGTATCCAGATTACTAAAGCCGCTAATGACGATCTGCTGAAC,1,AGCTTAACTGCTTATTTCTACAGAACAAAATCATGCTCATTT-TTTAGACTTAAACGA-GTGCAAAAAAATGTAAATTGGTAAAATTTCACACCCGCATAAGTTGATGTAAAACAATAAAATCCATTTGCGACCATACTTGATGTGTGGTT-TTTATTGATTTAAATCAAAGATTCAAGGGTGTTTGAGGAGTATATATACACTCAAGCAACAATGGTTTTACCAATTGGCCGCGACAGGCTGAACAAATCAAATA-ATTTTGCCGGGGAGGCATCACATGATTACAGGTATCCAGATTACTAAAGCCGCTAACGACGATCTGCTGAAC,1
129,AGCTTAACTGCTTCTTTCTACAGAACAAAATCATGCTCATTTTTTAGACTTAAACGAGTGCAAAAAAATGTAAATTGGTAAAATTTCACACCCGCATAAGTTGATGTAAAACAATAAAATCCATTTACGACCACAATCGATGTGTGGTTTTTATTGATTTAAATCAAAGAATCAAGGGTGGTTGAGGAGTATATATACACTCAAGCAACAATGGTTTTACCAATTGGCCGCGACAGGCTGAACAAATCAAATAATTTTGCCGGGGAGGCATCACATGATTACAGGTATCCAGATTACTAAAACCGCTAACGACGATCTGCTGAAC,1,AGCTTAACTGCTTCTTTCTACAGAACAAAATCATGCTCATTT-TTTAGACTTAAACGA-GTGCAAAAAAATGTAAATTGGTAAAATTTCACACCTGCATAAGTTGATGTAAAACAATAAAATCCATTTGTGACCACATTCGATATGTGGTT-TCTATTGATTTAAATCAAAGAATCAAGGGTGTTTGAGGAGTATATATACACTCAAGCAACAATGGTTTTACCAATTGGCCGCGACAGGCTGAACAAATCAAATA-ATTTTGCCGGGGAGGCATCACATGATTACAGGTATCCAGATTACTAAAGCCGCTAACGACGATCTGCTGAAC,8
130,AGCTTAACTGCTTCTTTCTACAGAACAAAATCATGCTCATTTTATAGACAAAAAGACATGCAAAAAAATGTAAATTGGTAAAATTTCACACCTGCATAAGTTGATGTAAAACAATAAAATCCATTTGTGACCACATTCGATATGTGTTTTTTATTGATTTAAATCAAAGAATCAAGGGTGTTTGAGGAGTATATATACACTCAAGCAACAATGGTTTTACCAATTGGCCGCGACAGGCTGAACAAATCAAATAATTTTGCCGGGGAGGCATCACATGATTACAGGTATCCAGATTACTAAAGCCGCTAACGACGATCTGCTGAAC,1,AGCTTAACTGCTTCTTTCTACAGAACAAAATCATGCTCATTT-TTTAGACTTAAACGA-GTGCAAAAAAATGTAAATTGGTAAAATTTCACACCCGCATAAGTTGATGTAAAACAATAAAATCCATTTACGACCACAATCGATGTGTGGTT-TTTATTGATTTAAATCAAAGAATCAAGGGTGGTTGAGGAGTATATATACACTCAAGCAACAATGGTTTTACCAATTGGCCGCGACAGGCTGAACAAATCAAATA-ATTTTGCCGGGGAGGCATCACATGATTACAGGTATCCAGATTACTAAAGCCGCTAACGACGATCTGCTGAAC,6
131,AGCTTAACTGCTTCTTTCTACAGAACAAAATCATGCTCATTTTATAGACAAAAAGACATGAAAAAAAATGTAAATTGGTAAAATTTCACATCTGCATAAGTTGATGTAAAACAATAAAATCCATTTGTGACCACACTTGATATATGGTTTTTATTGATTTAAATCAAAGAATCAAGGGTGTTTGAGGAGTATATATACACTCAAGCAACAATGGTTTTACCAATTGGCCGCGACAGGCTGAACAAATCAAATAATTTTGCCGGGGAGGCATCACATGATTACAGGTATCCAGATTACTAAAGCCGCTAACGACGATCTGCTGAAC,1,AGCTTAACTGCTTCTTTCTACAGAACAAAATCATGCTCATTT-TTTAGACTTAAACGA-GTGCAAA-AAATGTAAATTGGTAAAATTTCACACCCGCATAAGTTGATGTAAAACAATAAAATCCATTTACGACCACAATCGATGTGTGGTT-TTTATTGATTTAAATCAAAGAATCAAGGGTGGTTGAGGAGTATATATACACTCAAGCAACAATGGTTTTACCAATTGGCCGCGACAGGCTGAACAAATCAAATA-ATTTTGCCGGGGAGGCATCACATGATTACAGGTATCCAGATTACTAAAGCCGCTAACGACGATCTGCTGAAC,7
132,AGCTTAACTGCTTCTTTCTATAGAACAAAATCATGCTCATTTTATAGACAAAAAGACATGCAAAAAAATGTAAATTGGTAAAATTTCACACCTGCATAAGTTGATGTAAAACAATAAAATCCATTTACGACCATACTTGATGTGTGGTTTTTATTGATTTAAATCAAAGAATCAAGGGTGTTTGAGGAGTATATATACACTAAAGCAACAATGGTTTTACCAATTGGCCGCGACAGGCTGATCAAATCAAATAAATTTTGCCGGGGAGGCATCACATGATTACAGGTATCCAGATTACTAAAGCCGCTAACGACGATCTGCTGAAC,1,AGCTTAACTGCTTCTTTCTACAGAACAAAATCATGCTCATTT-TTTAGACTTAAACGA-GTGCAAAAAAATGTAAATTGGTAAAATTTCACACCCGCATAAGTTGATGTAAAACAATAAAATCCATTTACGACCACAATCGATGCGTGGTT-TTTATTGATTTAAATCAAAGAATCAAGGGTGGTTGAGGAGTATATATACACTCAAGCAACAATGGTTTTACCAATTGGCCGCGACAGGCTGAACAAATCAAATA-ATTTTGCCGGGGAGGCATCACATGATTACAGGTATCCAGATTACTAAAGCCGCTAACGACGATCTGCTGAAC,7
133,AGCTTAACTGCTTCTTTCTACAGAACAAAATCATGCTCATTTTTTAGACTTAAACGAGTGCAAAAAAATGTAAATTGGTAAAATTTCACACCCGCATAAGTTGATGTAAAACAATAAAATCCATTTGAGACCATACTTGATGTGTGGTTTTTATTGATTTAAATCAAAGATTCAAGGGTGTTTGAGGAGTATATATACACTCAAGCAACAATGGTTTTACCAATTGGCCGCGACAGGCTGAACAAATCAAATAATTTTGCCGGGGAGGCATCACATGATTACAGGTATCCAGATTACTAAAGCCGCTAACGACGATCTGCTGAAC,1,AGCTTAACTGCTTCTTTCTACAGAACAAAATCATGCTCATTT-TTTAGACTTAAACGA-GTGCAAAAAAATGTAAATTGGTAAAATTTCACACCTGCATAAGTTGATGTAAAACAATAAAATCCATTTGTGACCACACTTGATATGTGGTT-TTTGTTGATTTAAATCAAAGAATCAAGGGTGTTTGAGGAGTATATATACACTCAAGCAACAATGGTTTTACCAATTGGCCGCGACAGGCTGAACAAATCAAATA-ATTTTGCCGGGGAGGCATCACATGATTACAGGTATCCAGATTACTAAAGCCGCTAACGACGATCTGCTGAAC,6
134,AGCTTAACTGCTTCTTTCTACAGAACAAAATCATGCTCATTTTTTAGACTTAAACGAGTGCAAAAAAATGTAAATTGGTAAAATTTCACACCCGCATAAGTTGATGTAAAACAATAAAATCCATTTGCAACCATACTTGATGTGTGGTTTTTATTGATTTAAATCAAAGATTCAAGGGTGTTTGAGGAGTATATATACACTCAAGCAACAATGGTTTTACCAATTGGCCGCGACAGGCTGAACAAATCAAATAATTTTGCCGGGGAGGCATCACATGATTACAGGTATCCAGATTACTAAAGCCGCTAACGACGATCTGCTGAAC,1,AGCTTAACTGCTTCTTTCTACAGAACAAAATCATGCTCATTT-TTTAGACTTAAACGA-GTGCAAAAAAATGTAAATTGGTAAAATTTCACACCTGCATAAGTTGATGTAAAACAATAAAATCCATTTGCGACCATACTTGATGTGTGGTTTTTTATTGATTTAAATCAAAGATTCAAGGGTGTTTGAGGAGTATATATACACTCAAGCAACAATGGTTTTACCAATTGGCCGCGACAGGCTGAACAAATCAAATA-ATTTTGCCGGGGAGGCATCACATGATTACAGGTATCCAGATTACTAAAGCCGCTAACGACGATCTGCTGAAC,2
135,AGCTTAACTGCTTCTTTCTACAGAACAAAATCATGCTCATTTTTTAGACTTAAACGAGTGCAAAAAAATGTAAATTGGTAAAAATTCACACCTGCATAAGTTGATGTAAAACAATAAAATCCATTTGCGACCATACTTGATGTGTGGTTTTTATTGATTTAAATCAAAGATTCAAGGGTGTTTGAGGAGTATATATACACTCAAGCAACAATGGTTTTACCAATTGGCCGCGACAGGCTGAACAAATCAAATAATTTTGCCGGGGAGGCATCACATGATTACAGGTATCCAGATTACTAAAGCCGCTAACGACGATCTGCTGAAC,1,AGCTTAACTGCTTCTTTCTACAGAACAAAATCATGTTCATTT-TATAGACAAAAAGAC-ATGCAAAAAAATGTAAATTGGTAAAATTTCACATCTGCATAAGTTGATGTAAAACAATAAAATCCATTTGTGACCACACTTGATATATGGTT-TTTGTTGATTTAAATCAAAGAATCAAGGGTGTTTGAGGAGTATATATACACTCAAGCAACAATGGTTTTACCAATTGGCCGCGACAGGCTGAACAAATCAAATA-ATTTTGCCGGGGAGGCATCACATGATTACAGGTATCCAGATTACTAAAGCCGCTAACGACGATCTGCTGAAC,16
136,AGCTTAACTGCTTCTTTCTACAGAACAAAATCATGCTCATTTTTTAGACTTAAACGAGTGCAAAAAAATGTAAATTGGTAAAATTTCACACCTGCATAAGTTGATGTAAAACAATAAAATCCATTTGCGACCACACTTGATGTGTGGTTTTTATTGATTTAAATCAAAGATTCAAGGGTGTTTGAGGAGTATATATACACTCAAGCAACAATGGTTTTACCAATTGGCCGCGACAGGCTGAACAAATCAAATAATTTTGCCGGGGAGGCATCACATGATTACAGGTATCCAGATTACTAAAGCCGCTAACGACGATCTGCTGAAC,1,AGCTTAACTGCTTCTTTCTACAGAACAAAATTAAGCTCATTT-TTTAGACATAATCGA-ATGCAAAAAAATGTAAATTGGTAAAATCACATACCCGTATAAGTTGATGTAAAACAATAAAATCCATTCTCGATAATGTTTGATGTGTGGTT-TTTATTGATTTAAATCAAAGAATCAGGGGTGTTTGAAGAGTATATATACACTCAAGCAACAATGGTTTTACCAATTGGCCGCGACAGGCTGAACAAATCAAATA-ATTTTGCCGGGGAGGCATCACATGATTACAGGTATCCAGATTACTAAAGCCGCTAACGACGATCTGCTGAAC,18
137,AGCTTAACTGCTTCTTTCTACAGAACAAAATCATGCTCATTTTTTAGACTTAAACGAGTGCAAAAAATGTAAATTGGTAAAATTTCACACCCGCATAAGTTGATGTAAAACAATAAAATCCATTTACGACCACAATCGATGTGTGGTTTTATTGATTTAAATCAAAGAATCAAGGGTGGTTGAGGAGTATATATACACTCAAGCAACAATGGTTTTACCAATTGGCCGCGACAGGCTGAACAAATCAAATAATTTTGCCGGGGAGGCATCACATGATTACAGGTATCCAGATTACTAAAGCCGCTAACGACGATCTGCTGAAC,1,AGCTTAACTGCTTCTTTCTACAGAACAAAATCATGCTCATTT-TTTAGACTTAAACGA-GTGCAAAAAAATGTAAATTGGTAAAATTTCACACCTGCATAAGTTGATGTAAAACAATAAAATCCATTTGCGACCATACTTGATGTGTGGTT-TTTGTTGATTTAAATCAAAGATTCAAGGGTGTTTGAGGAGTATATATACACTCAAGCAACAATGGTTTTACCAATTGGCCGCGACAGGCTGAACAAATCAAATA-ATTTTGCCGGGGAGGCATCACATGATTACAGGTATCCAGATTACTAAAGCCGCTAACGACGATCTGCTGAAC,2
138,AGCTTAACTGCTTCTTTCTACAGAACAAAATCATGCTCATTTTTTAGACTTAAACGAGTGCAAAAAAATGTAAATTGGTAAAATTTCACACCCGCATAAGTTGATGTAAAACAATAAAATCCATTTACGACCACAATAGATGTGTGGTTTTATTGATTTAAATCAAAGAATCAAGGGTGGTTGAGGAGTATATATACACTCAAGCAACAATGGTTTTACCAATTGGCCGCGACAGGCTGAACAAATCAAATAATTTTGCCGGGGAGGCATCACATGATTACAGGTATCCAGATTACTAAAGCCGCTAACGACGATCTGCTGAAC,1,AGCTTAACTGCTTCTTTCTACAGAACAAAATCATGCTCATTT-TTTACACTTAAACGA-GTGCAAAAAAATGTAAATTGGTAAAATTTCACACCCGCATAAGTTGATGTAAAACAATAAAATCCATTTGTGACCACAATCGATGTGTGGTT-TTTATTGATTTAAATCAAAGAATCAAGGGTGGTTGAGGAGTATATATACACTCAAGCAACAATGGTTTTACCAATTGGCCGCGACAGGCTGAACAAATCAAATA-ATTTTGCCGGGGAGGCATCACATGATTACAGGTATCCAGATTACTAAAGCCGCTAACGACGATCTGCTGAAC,7
139,AGCTTAACTGCTTCTTTCTACAGAACAAAATCATGCTCATTTTTTAGACTTAAACGAGTGCAAAAAATGTAAATTGGTAAAATTTCACACCTGCATAAGTTGATGTAAAACAATAAAATCCATTTGCGACCATGCTTGATGTGTGGTTTTTATTGATTTAAATCAAAGATTCAAGGGTGTTTGAGGAGTATATATACACTCAAGCAACAATGGTTTTACCAATTGGCCGCGACAGGCTGAACAAATCAAATAATTTTGCCGGGGAGGCATCACATGATTACAGGTATCCAGATTACTAAAGCCGCTAACGACGATCTGCTGAAC,1,AGCTTAACTGCTTCTTTCTACAGAACAAAATCATGCTCATTT-TTTAGACTTAAACGA-GTGCAAAAAAATGTAAATTGGTAAAATTTCACACCTGCATAAGTTGATGTAAAACAATAAAATCCATTTGCAACCATACTTGATGTGTGATT-TTTATTGATTTAAATCAAAGATTCAAGGGTGTTTGAGGAGTATATATACACTCAAGCAACAATGGTTTTACCAATTGGCCGCGACAGGCTGAACAAATCAAATA-ATTTTGCCGGGGAGGCATCACATGATTACAGGTATCCAGATTACTAAAGCCGCTAACGACGATCTGCTGAAC,3
140,AGCTTAACTGCTTCTTTCTACAGAACAAAATCATGCTCATTTTTTAGACTTAAACGAGTGCAAAAAAATGTAAATTGGTAAAATTTCGCACCCGCATAAGTTGATGTAAAACAATAAAATCCATTTGCGACCATACTTGATGTGTGGTTTTTATTGATTTAAATCAAAGATTCAAGGGTGTTTGAGGAGTATATATACACTCAAGCAACAATGGTTTTACCAATTGGCCGCGACAGGCTGAACAAATCAAATAATTTTGCCGGGGAGGCATCACATGATTACAGGTATCCAGATTACTAAAGCCGCTAACGACGATCTGCTGAAC,1,AGCTTAACTGCTTCTTTCTACAGAACAAAATCATGCTCATTT-TTTAGACTTAAACGA-GTGCAAAAAAATGTAAATTGGTAAAATTTCACACCCGCATAAGTTGATGTAAAACAATAAAATCCATTTACAACCACAATCGATGTGTGGTT-TTTATTGATTTAAATCAAAGAATCAAGGGTGGTTGAGGAGTATATATACACTCAAGCAACAATGGTTTTACCAATTGGCCGCGACAGGCTGAACAAATCAAATA-ATTTTGCCGGGGAGGCATCACATGATTACAGGTATCCAGATTACTAAAGCCGCTAACGACGATCTGCTGAAC,7
141,AGCTTAACTGCTTCTTTCTACAGAACAAAATCATGCTCATTTTTTAGACTTAAACGAGTGCAAAAAAATGTAAATTGGTAAAATTTCACACCCGCATAAGTTGATGTAAAACAATAAAATCCATTTGCGACCACACTTGATGTGTGGTTTTTATTGATTTAAATCAAAGAATCAAGGGTGTTTGAGGAGTATATATACACTCAAGCAACAATGGTTTTACCAATTGGCCGCGACAGGCTGAACAAATCAAATAATTTTGCCGGGGAGGCATCACATGATTACAGGTATCCAGATTACTAAAGCCGCTAACGACGATCTGCTGAAC,1,AGCTTAACTGCTTCTTTCTACAGAACAAAATTAAGCTCATTT-TTTAGACATAATCGA-ATGCAAAAAAATGTAAATTGGTAAAATCACATACCCGTATAAGTTGATGTAAAACAATAAAATCTATTCTCGATAATGTTTGATGTGTGGTT-TTTATTGATTTAAATCAAAGAATCAGGGGTGTTTGAAGAGTATATATACACTCAAGCAACAATGGTTTTACCAATTGGCCGCGACAGGCTGAACGAATCAAATA-ATTTTGCCGGGGAGGCATCACATGATTACAGGTATCCAGATTACTAAAGCCGCTAACGACGATCTGCTGAAC,20
142,AGCTTAACTGCTTCTTTCTACAGAACAAAATCATGCTCATTTTTTAGACTTAAACGAGTGCAAAAAAATGTAAATTGGTAAAATTTCACACCCGCATAAGTTGATGTAAAACAATAAAATCCATTTACGACCACAATCTATGTGTGGTTTTTATTGATTTAAATCAAAGAATCAAGGGTGGTTGAGGAGTATATATACACTCAAGCAACAATGGTTTTACCAATTGGCCGCGACAGGCTGAACAAATCAAATAATTTTGCCGGGGAGGCATCACATGATTACAGGTATCCAGATTACTAAAGCCGCTAACGACGATCTGCTGAAC,1,AGCTTAACTGCTTCTTTCTACAGAACAAAATCATGCTCATTT-TTTAGACTTAAACGA-GTGCAAAAAAATGTAAATTGGTAAAATTTCACACCCGCATAAGTTGATGTAAAACAATAAAATCCATTTGCGACAATACTTGATGTGTGGTT-TTTATTGATTTAAATCAAAGATTCAAGGGTGTTTGAGGAGTATATATACACTCAAGCAACAATGGTTTTACCAATTGGCCGCGACAGGCTGAACAAATCAAATA-ATTTTGCCGGGGAGGCATCACATGATTACAGGTATCCAGATTACTAAAGCCGCTAACGACGATCTGCTGAAC,1
143,AGCTTAACTGCTTCTTTCTACAGAACAAAATCATGCTCATTTTTTAGCCATAAACGAGTGCAAAAAAGTGTAAATTGGTAAAATTTCACGCTCGCATAAGTTGATGTAAAACAATAAAATCCATTTCCGACCATATTTGATGTGTGGTTTTTATTGATTTAAATCAAAGAATCAAGGGTGTTTGAGGAGTATATATACACTCAAGCAACAATGGTTTTACCAATTGGCCGCGACAGGCTAATCAAATCAAATAATTTGCCGGGGAGGCATCACATGATTACAGGTATCCAGATTACTAAAGCCGCTAATGACGATCTGCTGAAC,1,AGCTTAACTGCTTCTTTCTACAGAACAAAACCAGGCTCATTTTTTTAGACTTTAATGA-GTGCAAAAAAATGTAAATTGGTAAAATTTCATACCCGCATAAGTTGATGTAAAACAATAAAATCCATTTGCGACCACATTTGATGTGTGGTT-TTTATTGATTTAAATCAAAGAATCAAGGGTGTTCGAGGAGTATATATACACTCAAGCAACAATGGTTTTACCAATTGGCCGCGACAGGCTGATCAAATCAAATAAATTTTGCCGGGGAGGCATCACATGATTACAGGTATCCAGATTACTAAAGCCGCTAACGACGATCTGCTGAAC,12
144,AGCTTAACTGCTTCTTTCTACAGAACAAAATCATGCTCATTTTTTAGACTTAAACGAGTGCAAAAAAATGTAAATTGGTAAAATTTCACACCTGCACAAGTTGATGTAAAACAATAAAATCCATTTGCGACCATACTTGATGTGTGGTTTTTATTGATTTAAATCAAAGATTCAAGGGTGTTTGAGGAGTATATATACACTCAAGCAACAATGGTTTTACCAATTGGCCGCGACAGGCTGAACAAATCAAATAATTTTGCCGGGGAGGCATCACATGATTACAGGTATCCAGATTACTAAAGCCGCTAACGACGATCTGCTGAAC,1,AGCTTAACTGCTTCTTTCTACAGAACAAAACCAGGCTCATTT-TTTAGACTTTAATGA-GTGCAAAAAAATGTAAATTGGTAAAATTTCACACCCGTATAAGTTGATGTAAAACAATAAAATCCATTTGCGACCACACTTGATGTGTGGTT-TTTGTTGATTTAAATCAAAGAATCAAGGGTGTTTGAGGAGTATATATACACTCAAGCAACAATGGTTTTACCAATTGGCCGCGACAGGCTAAACAAATCAAATA-ATTTTGCCGGGGAGGCATCATATGATTACAGGTATCCAGATTACTAAAGCTGCTAACGACGATCTGCTGAAC,11
145,AGCTTAACTGCTTCTTTCTACAGAACAAAATCATGCTCATTTTTTAGACTTAAACGAGTGCAAAAAATGTAAATTGGTAAAATTTCACACCCGCATAAGTTGATGTAAAACAATAAAATCCATTTGCGACCATACTTGATGTGTGGTTTTTATTGATTTAAATCAAAGATTCAAGGGTGTTTGAGGAGTATATATACACTCAAGCAACAATGGTTTTACCAATTGGCCGCGACAGGCTGAACAAATCAAATAATTTTGCCGGGGAGGCATCACATGATTACAGGTATCCAGATTACTAAAGCCGCTAACGACGATCTGCTGAAC,1,AGCTTAACTGCTTATTTCTACAGAACAAAATCATGCTCATTT-TTTAGACTTAAACGA-GTGCAAAAAAATGTAAATTGGTAAAATTTCACACCCGCATAAGTTGATGTAAAACAATAAAATCCATTTGCGACCACAATCGATGTGTGGTT-TTTATTGATTTAAATCAAGGAATCAAGGGTTGTTGAGGAGTATATATACACTCAAGCAACAATGGTTTTACCAATTGGCCGCGACAGGCTGAATAAATCAAATA-ATTTTGCCGGGGAGGCATCACATGATTACAGGTATCCAGATTACTAAAGCCGCTAACGACGATCTGCTGAAC,9
146,AGCTTAACTGCTTATTTCTACAGAACAAAATCATGCTCATTTTTTAGACTTAAACGAGTGCAAAAAAATGTAAATTGGTATAATTTCACACCCGCATAAGTTGATGTAAAACAATAAAATCCATTTGCGACCACAATCGATGTGTGGTTTTTATTGATTTAAATCAAGGAATCAAGGGTTGTTGAGGAGTATATATACACTCAAGCAACAATGGTTTTACCAATTGGCCGCGACAGGCTGAATAAATCAAATAATTTTGCCGGGGAGGCATCACATGATTACAGGTATCCAGATTACTAAAGCCGCTAACGACGATCTGCTGAAC,1,AGCTTAACTGCTTCTTTCTACAGAACAAAATCATGCTCATTT-TATAGACTTAAACGA-GTGCAAAAAAATGTAAATTGGTAAAATTTCACACCTGCATAAGTTGATGTAAAACAATAAAATCCATTTGCGACCATGCTTGATGTGTGATT-TTTATTGATTTAAATCAAAGATTCAAGGGTGTTTGAGGAGTATACATACACTCAAGCAACAATGGTTTTACCAATTGGCCGCGACAGGCTGAACAAATCAAATA-ATTTTGCCGGGGAGGCATCACATGATTACAGGTATCCAGATTACTAAAGCCGCTAACGACGATCTGCTGAAC,5
147,AGCTTAACTGCTTCTTTCTACAGAACAAAATCATGCTCATTTTATAGACAAAAAGACATGCAAAAAAATGTAAATTGGTAAAATTTCACACCTGCATAAGTTGATGTAAAACAATAAAATCCATTTGTGACCACATTCGATATGTGTTTTTATTGATTTAAATCAAAGAATCAAGGGTGTTTGAGGAGTATATATACACTCAAGCAACAATGGTTTTACCAATTGGCCGCGACAGGCTGAACAAATCAAATAATTTTGCCGGGGAGGCATCACATGATTACAGGTATCCAGATTACTAAAGCCGCTAATGACGATCTGCTGAAC,1,AGCTTAACTGCTTCTTTCTACAGAACAAAATCATGCTCATTT-TTTAGACTTAAACGA-GTGCAAAAAAATGTAAATTGGTAAAATTTCACACCCGAATAAGTTGATGTAAAACAATAAAATCCATTTGCGACCATACTTGATGTGTGGTT-TTTATTGATTTAAATCAAAGATTCAAGGGTGTTTGAGGAGTATATATACACTCAAGCAACAATGGTTTTACCAATTGGCCGCGACAGGCTGAACAAATCAAATA-ATTTTGCCGGGGAGGCATCACATGATTACAGGTATCCAGATTACTAAAGCCGCTAACGACGATCTGCTGAAC,1
148,AGCTTAACTGCTTCTTTCTACAGAACAAAATCATGCTCATTTTTTAGACTTAAACGAGTGCAAAAAAATGTAAATTGGTAAAATTTCACACCCGCATAAGTTGATGTAAAACAATAAAATCCATTTGCGACCACACTTGATGCGTGGTTTTTATTGATTTAAATCAAAGATTCAAGGGTGTTTGAGGAGTATATATACACTCAAGCAACAATGGTTTTACCAATTGGCCGCGACAGGCTGAACAAATCAAATAATTTTGCCGGGGAGGCATCACATGATTACAGGTATCCAGATTACTAAAGCCGCTAACGACGATCTGCTGAAC,1,AGCTTAACTGCTTCTTTCTACAGAACAAAATCATGCTCATTT-TTTAGACTTAAACGA-GTGCAAAAAAATGTAAATTGGTAAAATTTCACACCCGCATAAGTTGATGTAAAACAATAAAATCCATTTACGACCACAATCGATGTGTGGTT-TTTGTTGATTTAAATCAAAGAATCAAGGGTGGTTGAGGAGTATATATACACTCAAGCAACAATGGTTTTACCAATTGGCCGCGACAGGCTGAACAAATCAAATA-ATTTTGCCGGGGAGGCATCACATGATTACAGGTATCCAGATTACTAAAGCCGCTAACGACGATCTGCTGAAC,7
149,AGCTTAACTGCTTCTTTCTACAGAACAAAATCATGCTCATTTTATAGACAAAGAGACATGCAAAAAAATGTAAATTGGTAAAATTTCACACCTGCATAAGTTGATGTAAAACAATAAAATCCATTTGTGACCACATTCGATATGTGGTTTTTATTGATTTAAATCAAAGAATCAAGGGTGTTTGAGGAGTATATATACACTCAAGCAACAATGGTTTTACCAATTGGCCGCGACAGGCTGAACAAATCAAATAATTTTGCCGGGGAGGCATCACATGATTACAGGTATCCAGATTACTAAAGCCGCTAATGACGATCTGCTGAAC,1,AGCTTAACTGCTTCTTTCTACAGAACAAAACCAGGCTCGTTT-TTTAGCCAAAAACAC-GTGAAAAAAAATGTAAATTGGTAAAATTCCACACCCGCATAAGTTGATGTAAAACAATAAAATCCATTTACGACCATACTTGATGTGTGGTT-TTTATTGATTTAAATCAAAGAATCAAGGGTGTTTGAGGAGTATATATACACTCAAGCAACAATGGTTTTACCAATTGGCCGCGACAGGCTGATCAAATCAAATAAATTTTGCCGGGGAGGCATCACATGATTACAGGTATCCAGATTACTAAAGCCGCTAACGACGATCTGCTGAAC,14
150,AGCTTAACTGCTTCTTTCTACAGAACAAAATCATGCTCATTTTTTAGACTTAAACGAGTGCAAAAAAATGTAAATTGGTAAAATTTCACACCCGCATAAGTTGATGTAAAACAATAAAATCCATTTGCGACCACAATCGATGTGTGATTTTTATTGATTTAAATCAAAGAATAAAGGGTGTTTGAGGAGTATATATACACTCAAGCAACAATGGTTTTACCAATTGGCCGCGACAGGCTGAACAAATCAAATAATTTTGCCGGGGAGGCATCACATGATTACAGGTATCCAGATTACTAAAGCCGCTAACGACGATCTGCTGAAC,1,AGCTTAACTGCTTCTTTCTACAGAACAAAATCATGCTCATTT-TTTAGACTTAAACGA-GTGCAAAAAAATGTAAATTGGTAAAATTTCACACCCGCATAAGTTGATGTAAAACAATAAAATCCATTTACGACCACAATCGATGTGTGGTT-TTTATTGATTTAAATCAAAGAATAAAGGGTGGTTGAGGAGTATATATACACTCAAGCAACAATGGTTTTACCAATTGGCCGCGACAGGCTGAACAAATCAAATA-ATTTTGCCGGGGAGGCATCACATGATTACAGGTATCCAGATTACTAAAGCCGCTAACGACGATCTGCTGAAC,7
151,AGCTTAACTGCTTCTTTCTACAGAACAAAATTAAGCTCATTTTTTAGACATAATCGAATGCAAAAAAATGTAAATTGGTAAAATCACATACCCGTATAAGTTGATGTAAAACAATAAAATCCATTCTTGATAATGTTTGATGTGTGGTTTTTATTGATTCAAATCAAAGAATCAGGGGTGTTTGAAGAGTATATATACACTCAAGCAACAATGGTTTTACCAATTGGCCGCGACAGGCTGAACGAATCAAATAATTTTGCCGGGGAGGCATCACATGATTACAGGTATCCAGATTACTAAAGCCGCTAACGACGATCTGCTGAAC,1,AGCTTAACTGCTTATTTCTACAGAACAAAATCATGCTCATTT-TTTAGACTTAAACGA-GTGCAAAAAAATGTAAATTGGTAAAATTTCACACCCGCATAAGTTGATGTAAAACAATAAAATCCATTTGCGACCACAATCGATGTGTGGTT-TTTATTGATTTAAATCAAGGAGTCAAGGGTTGTTGAGGAGTATATATACACTCAAGCAACAATGGTTTTACCAATTGGCCGCGACAGGCTGAATAAATCAAATA-ATTTTGCCGGGGAGGCATCACATGATTACAGGTATCCAGATTACTAAAGCCGCTAACGACGATCTGCTGAAC,9
152,AGCTTAACTGCTTCTTTCTACAGAACAAAATCATGCTCATTTTTTAGACTTAAACGAGTGCAAAAAAATGTAAATTGGTAAAATTTCACACCCGCATAAGTTGATGTAAAACAATAAAATCCATTTTCGACCACACTTGATGTGTGGTTTTTGTTGATTTAAATCAAAGATTCAAGGGTGTTTGAGGAGTATATATACACTCAAGCAACAATGGTTTTACCAATTGGCCGCGACAGGCTGAACAAATCAAATAATTTTGCCGGGGAGGCATCACATGATTACAGGTATCCAGATTACTAAAGCCGCTAACGACGATCTGCTGAAC,1,AGCTTAACTGCTTCTTTCTACAGAACAAAACCAGGCTCGCTT-TTTAGCCAAAAACAC-GTGAAAAAAAATGTAAATTGGTAAAATTCCACACCCGCATAAGTTGATGTAAAACAATAAAATCCATTTACGACCATACTTGATGTGTGGTT-TTTATTGATTTAAATCAAAGAATCAAGGGTGTTCGAGGAGTATATATACACTCAAGCAACAATGGTTTTACCAATTGGCCGCGACAGGCTGATCAAATCAAATAAATTTTGCCGGGGAGGCATCACATGATTACAGGTATCCAGATTACTAAAGCCGCTAACGACGATCTGCTGAAC,16
153,AGCTTAACTGCTTCTTTCTACAGAACAAAATCATGCTCATTTTATAGACAAAAAGACATGCAAAAAAATGTAAATTGGTAAAATTTCACACCTGCATAAGTTGATGTAAAACAATAAAATCCATTTGTGACCACATTCGATATGTGGTATTTATTGATTTAAATCAAAGAATCAAGGGTGTTTGAGGAGTATATATACACTCAAGCAACAATGGTTTTACCAATTGGCCGCGACAGGCTGAACAAATCAAATAATTTTGCCGGGGAGGCATCACATGATTACAGGTATCCAGATTACTAAAGCCGCTAATGACGATCTGCTGAAC,1,AGCTTAACTGCTTCTTTCTACAGAACAAAATCATGCTTATTT-TTTAGACTTAAACGA-GTGCAAAAAAATGTAAATTGGTAAAATTTCACACCCGCATAAGTTGATGTAAAACAATAAAATCCATTTGCGACCATACTTGATGTGTGGTT-TTTATTGATTTAAATCAAAGATTCAAGGGTGTTTGAGGAGTATATATACACTCAAGCAACAATGGTTTTACCAATTGGCCGCGACAGGCTGAACAAATCAAATA-ATTTTGCCGGGGAGGCATCACATGATTACAGGTATCCAGATTACTAAAGCCGCTAACGACGATCTGCTGAAC,1
154,AGCTTAACTGCTTCTTTCTACAGAACAAAATCATGCTCATTTTTTAGACTTAAACGAGTGCAAAAAAATGTAAATTGGTAAAATTTCACACCCGCATAAGTTGATGTAAAACAATAAAATCCATTTGCGACCATACTTGATGTGTGGTTTTTATTGATTTAAATCAAAGATTCAAGGGTGTTTGAGGAGTATATATACACTCAAGAAACAATGGTTTTACCAATTGGCCGCGACAGGCTGAACAAATCAAATAATTTTGCCGGGGAGGCATCACATGATTACAGGTATCCAGATTACTAAAGCCGCTAACGACGATCTGCTGAAC,1,AGCTTAACTGCTTATTTCTACAGAACAAAATCATGCTCATTT-TTTAGACTTAAACGA-GTGCAAAAAAATGTAAATTGGTAAAATTTCACACCCGCATAAGTTGATGTAAAACAATAAAATCCATTTGCGACCATACTTGATGTGTGGTT-TTTATTGATTTAAATCAAAGATTCAAGGGTGTTTGAGGAGTAT--ATACACTCAAGCAACAATGGTTTTACCAATTGGCCGCGACAGGCTGAACAAATCAAATA-ATTTTGCCGGGGAGGCATCACATGATTACAGGTATCCAGATTACTAAAGCCGCTAACGACGATCTGCTGAAC,3
155,AGCTTAACTGCTTCTTTCTACAGAACAAAATTAAGCTCATTTTTTAGACATAATCGAATGCAAAAAAATGTAAATTGGTAAAATCACATACCCGCATAAGTTGATGTAAAACAATAAAATCCATTCTCGATAATGTTTGATATGTTGTTTTTATTGATTTAAATCAAAGAATCAGGGGTGTTTGAAGAGTATATATACACTCAAGCAACAATGGTTTTACCAATTGGCCGCGACAGGCTGAACGAATCAAATAATTTTGCCGGGGAGGCATCACATGATTACAGGTATCCAGATTACTAAAGCCGCTAACGACGATCTGCTGAAC,1,AGCTTAACTGCTTCTTTCTACAGAACAAAATCATGCTCATTT-TTTAGACTTAAACGA-GTGCAAAAAAATGTAAATTGGTAAAATTTCACACCCGCATAAGTTGATGTAAAACAATATAATCCATTTACGACCACAATCGATGTGTGGTT-TTTATTGATTTAAATCAAAGAATCAAGGGTGGTTGAGGAGTATATATACACTCAAGCAACAATGGTTTTACCAATTGGCCGCGACAGGCTGAACAAATCAAATA-ATTTTGCCGGGGAGGCATCACATGATTACAGGTATCCAGATTACTAAAGCCGCTAACGACGATCTGCTGAAC,7
156,AGCTTAACTGCTTCTTTCTACAGAACAAAATCATGCTCATTTTTTAGACTTAAACGAGTGCAAAAAAATGTAAATTGGTAAAATTTCACACCCGCATAAGTTGATGTAAAACAATAAAATCCATTTGCGACCACACTTGATGTGTGGTTTTTGTTGATTTAAATCAAAGATTCAAGGGTGTTTGAGGAGTATATATACACTCAAGCAACAATGGTTTTACCAATTGGCCGCGACAGGCTGAACAAATCAAATAATTTTGCCGGGGAGGCATCACATGATTACAGGTATCCAGATTACTAAAGCCGCTAACGACGATCTGCTGAAC,1,AGCTTAACTGCTTCTTTCTACAGAACAAAATCATGCTCATTT-TTTAGACTTAAACGA-GTGCAAAAAAATGTAAATTGGTAAAATTTCACACCTGCATAAGTTGATGTAAAACAATAAAATCCATTTGCAACCATACTTGATGTGTGGTT-TTTATTGATTTAAATCAAAGATTCAAGGGTGTTTGAGGAGTATATATACACTCAAGCAACAATGGTTTTACCAATTGGCCGCGACAGGCTGAACAAATCAAATA-ATTTTGCCGGGGAGGCATCACATGATTACAGGTATCCAGATTACTAAAGCCGCTAACGACGATCTGCTGAAC,2
157,AGCTTAACTGCTTCTTTCTACAGAACAAAATCAAGCTCATTTTTTAGACATAATCGAGTGCAAAAAAATGTAAATTGGTAAAATTTCACACCCGCATAAGTTGATGTAAAACAATAAAATCTATTTGCGACCGCGCTTGCTGTGTGGTTTTTATTGATTTAAATCAAAGAATCAAGGGTGTTTGAGGAGTATATATACACTCAAGCAACAATGGTTTTACCAATTGGCCGCGACAGGCTGACAAATCAAATAATTTTGCCGGGGAGGCATCACATGATTACAGGTATCCAGATTACTAAAGCCGCTAATGACGATCTGCTGAAC,1,AGCTTAACTGCTTCTTTCTACAGAACAAAATCATGCTCATTT-TTTAGACTTAAACGA-GTGCAAAAAAATGTAAATTGGTAAAATTTCACACCCGCATAAGTTGATGTAAAACAATAAAATCCATTTACGACCACAATCGATGTGTGGTT-TCTATTGATTTAAATCAAAGAATCAAGGGTGTTTGAGGAGTATATATACACTCAAGCAACAATGGTTTTACCAATTGGCCGCGACAGGCTGAACAAATCAAATA-ATTTTGCCGGGGAGGCATCACATGATTACAGGTATCCAGATTACTAAAGCCGCTAACGACGATCTGCTGAAC,6
158,AGCTTAACTGCTTATTTCTACAGAACAAAATCATGCTCATTTTTTAGACTTAAACGAGTGCAAAAAAATGTAAATTGGTAAAATTTCACACCCGCATAAGTTGATGTAAAACAATAAAATCCATTTGCGGCCACAATCGATGTGTGGTTTTTATTGATTTAAATCAAGGAATCAAGGGTTGTTGAGGAGTATATATACACTCAAGCAACAATGGTTTTACCAATTGGCCGCGACAGGCTGAATAAATCAAATAATTTTGCCGGGGAGGCATCACATGATTACAGGTATCCAGATTACTAAAGCCGCTAACGACGATCTGCTGAAC,1,AGCTTAACTGCTTCTTTCTACAGAACAAAATTAAGCTCATTT-TTTAGACATAATCGA-ATGCAAAAAAATGTAAATTGGTAAAATCACATACCCGTATAAGTTGATGTAAAACAATAAAATCCATTCTCGATAATGTTTGATGTGTGGTT-TTTATTGATTTAAATCAAAGAATCAGGGGTGTTTGAAGAGTATATATACACTCAAGCAACAATGGTTTTACCAATTGGCCGCGACAGGCTGAACGAATCAAATA-ATTTTGCCGGGGAGGCATCACATGATTACAGGTATCCAGATTACTAAAGCCGCTAACGACGATCTGCTGAAC,19
159,AGCTTAACTGCTTCTTTCTACAGAACAAAATCATGCTCATTTTTTAGACTTAAACGAGTGCAAAAAAATGTAAATTGGTAAAATTTCACACCTGCATAAGTTGATGTAAAACAATAAAATCCATTTGCGACCATACTTGATGTGTGGTTTTTTATTGATTTAAATCAAAGATTCAAGGGTGTTTGAGGAGTATATATACACTCAAGCAACAATGGTTTTACCAATTGGCCGCGACAGGCTGAACAAATCAAATAATTTTGCCGGGGAGGCATCACATGATTACAGGTATCCAGATTACTAAAGCCGCTAACGACGATCTGCTGAAC,1,AGCTTAACTGCTTCTTTCTACAGAACAAAATCATGCTCATTT-TTTAGACTTAAACGA-GTGCAAAAAAATGTAAATTGGTAAAATTTCACACCCGCATAAGTTGATGTAAAACAATAAAATCCATTTTCGACCACACTTGATGTGTGGTT-TTTGTTGATTTAAATCAAAGATTCAAGGGTGTTTGAGGAGTATATATACACTCAAGCAACAATGGTTTTACCAATTGGCCGCGACAGGCTGAACAAATCAAATA-ATTTTGCCGGGGAGGCATCACATGATTACAGGTATCCAGATTACTAAAGCCGCTAACGACGATCTGCTGAAC,3
